Time - V_S	Amplitude - V_S	Time - V_L	Amplitude - V_L
0	1,48783	0	3,31736
2,00E-06	3,97832	2,00E-06	4,78165
4,00E-06	4,94592	4,00E-06	4,42218
6,00E-06	4,02856	6,00E-06	2,37489
8,00E-06	1,56287	8,00E-06	-0,577789
1,00E-05	-1,49963	1,00E-05	-3,31368
1,20E-05	-4,00909	1,20E-05	-4,80241
1,40E-05	-5,02015	1,40E-05	-4,47645
1,60E-05	-4,13696	1,60E-05	-2,46044
1,80E-05	-1,70287	1,80E-05	0,487065
2,00E-05	1,36639	2,00E-05	3,24392
2,20E-05	3,90552	2,20E-05	4,7707
2,40E-05	4,9514	2,40E-05	4,48241
2,60E-05	4,09524	2,60E-05	2,4902
2,80E-05	1,68334	2,80E-05	-0,449916
3,00E-05	-1,37981	3,00E-05	-3,21351
3,20E-05	-3,93372	3,20E-05	-4,76892
3,40E-05	-5,01564	3,40E-05	-4,52187
3,60E-05	-4,20718	3,60E-05	-2,56094
3,80E-05	-1,81335	3,80E-05	0,3695
4,00E-05	1,24754	4,00E-05	3,15276
4,20E-05	3,82435	4,20E-05	4,74589
4,40E-05	4,94624	4,40E-05	4,53169
4,60E-05	4,16707	4,60E-05	2,59907
4,80E-05	1,80091	4,80E-05	-0,325909
5,00E-05	-1,25935	5,00E-05	-3,1172
5,20E-05	-3,85351	5,20E-05	-4,7396
5,40E-05	-4,99986	5,40E-05	-4,56632
5,60E-05	-4,27063	5,60E-05	-2,66594
5,80E-05	-1,92512	5,80E-05	0,247103
6,00E-05	1,12675	6,00E-05	3,05968
6,20E-05	3,75027	6,20E-05	4,71239
6,40E-05	4,93594	6,40E-05	4,57775
6,60E-05	4,23632	6,60E-05	2,70311
6,80E-05	1,91879	6,80E-05	-0,201901
7,00E-05	-1,13824	7,00E-05	-3,02315
7,20E-05	-3,77106	7,20E-05	-4,70385
7,40E-05	-4,99986	7,40E-05	-4,61044
7,60E-05	-4,33763	7,60E-05	-2,76547
7,80E-05	-2,04977	7,80E-05	0,126316
8,00E-05	1,00597	8,00E-05	2,96176
8,20E-05	3,67167	8,20E-05	4,67857
8,40E-05	4,92434	8,40E-05	4,62092
8,60E-05	4,30171	8,60E-05	2,80328
8,80E-05	2,03089	8,80E-05	-0,078538
9,00E-05	-1,01294	9,00E-05	-2,92587
9,20E-05	-3,68989	9,20E-05	-4,66971
9,40E-05	-4,9844	9,40E-05	-4,64877
9,60E-05	-4,39915	9,60E-05	-2,86339
9,80E-05	-2,15735	9,80E-05	0,00134219
1,00E-04	0,880025	1,00E-04	2,86319
0,000102	3,58954	0,000102	4,64153
0,000104	4,90856	0,000104	4,65764
0,000106	4,35711	0,000106	2,90249
0,000108	2,14137	0,000108	0,0425707
0,00011	-0,890867	0,00011	-2,82441
0,000112	-3,60775	0,000112	-4,62977
0,000114	-4,96572	0,000114	-4,68807
0,000116	-4,45938	0,000116	-2,96356
0,000118	-2,2791	0,000118	-0,119444
0,00012	0,755373	0,00012	2,7627
0,000122	3,49355	0,000122	4,60191
0,000124	4,88987	0,000124	4,69629
0,000126	4,4225	0,000126	2,99848
0,000128	2,257	0,000128	0,16529
0,00013	-0,761384	0,00013	-2,72489
0,000132	-3,50887	0,000132	-4,5879
0,000134	-4,9451	0,000134	-4,72157
0,000136	-4,51478	0,000136	-3,06051
0,000138	-2,3825	0,000138	-0,24313
0,00014	0,633298	0,00014	2,66027
0,000142	3,4069	0,000142	4,55875
0,000144	4,8625	0,000144	4,72689
0,000146	4,47436	0,000146	3,09672
0,000148	2,36458	0,000148	0,289297
0,00015	-0,640275	0,00015	-2,61924
0,000152	-3,42867	0,000152	-4,54538
0,000154	-4,91708	0,000154	-4,75217
0,000156	-4,56696	0,000156	-3,15521
0,000158	-2,49298	0,000158	-0,366815
0,00016	0,510901	0,00016	2,55559
0,000162	3,31414	0,000162	4,51398
0,000164	4,84414	0,000164	4,75813
0,000166	4,52203	0,000166	3,18916
0,000168	2,47603	0,000168	0,41105
0,00017	-0,516912	0,00017	-2,51649
0,000172	-3,33429	0,000172	-4,49706
0,000174	-4,89196	0,000174	-4,78019
0,000176	-4,62268	0,000176	-3,24894
0,000178	-2,60281	0,000178	-0,488246
0,00018	0,385605	0,00018	2,45058
0,000182	3,22041	0,000182	4,46534
0,000184	4,82062	0,000184	4,78422
0,000186	4,57228	0,000186	3,28128
0,000188	2,58168	0,000188	0,532803
0,00019	-0,39677	0,00019	-2,4102
0,000192	-3,23348	0,000192	-4,44811
0,000194	-4,86716	0,000194	-4,80274
0,000196	-4,671	0,000196	-3,34009
0,000198	-2,71232	0,000198	-0,609676
0,0002	0,264818	0,0002	2,34429
0,000202	3,12216	0,000202	4,41348
0,000204	4,78841	0,000204	4,80645
0,000206	4,62188	0,000206	3,37147
0,000208	2,68411	0,000208	0,654234
0,00021	-0,274695	0,00021	-2,30552
0,000212	-3,14039	0,000212	-4,39464
0,000214	-4,83173	0,000214	-4,82947
0,000216	-4,71351	0,000216	-3,43028
0,000218	-2,81346	0,000218	-0,731429
0,00022	0,141455	0,00022	2,23574
0,000222	3,02875	0,000222	4,36194
0,000224	4,74815	0,000224	4,82835
0,000226	4,67084	0,000226	3,46424
0,000228	2,7933	0,000228	0,775987
0,00023	-0,152298	0,00023	-2,19439
0,000232	-3,04215	0,000232	-4,33698
0,000234	-4,79468	0,000234	-4,84686
0,000236	-4,76022	0,000236	-3,51531
0,000238	-2,91524	0,000238	-0,852859
0,00024	0,0135819	0,00024	2,12719
0,000242	2,92053	0,000242	4,30364
0,000244	4,70982	0,000244	4,84703
0,000246	4,70627	0,000246	3,54605
0,000248	2,89057	0,000248	0,896774
0,00025	-0,0266803	0,00025	-2,08488
0,000252	-2,94069	0,000252	-4,28319
0,000254	-4,75893	0,000254	-4,86104
0,000256	-4,79114	0,000256	-3,59745
0,000258	-3,01574	0,000258	-0,971713
0,00026	-0,107205	0,00026	2,01478
0,000262	2,82712	0,000262	4,24663
0,000264	4,67052	0,000264	4,86185
0,000266	4,74235	0,000266	3,62915
0,000268	2,993	0,000268	1,01563
0,00027	0,099904	0,00027	-1,97215
0,000272	-2,83923	0,000272	-4,2236
0,000274	-4,72189	0,000274	-4,87714
0,000276	-4,82883	0,000276	-3,68087
0,000278	-3,11881	0,000278	-1,0925
0,00028	-0,233145	0,00028	1,90398
0,000282	2,7234	0,000282	4,18382
0,000284	4,63122	0,000284	4,87087
0,000286	4,76747	0,000286	3,71129
0,000288	3,09414	0,000288	1,13706
0,00029	0,225522	0,00029	-1,86295
0,000292	-2,7368	0,000292	-4,16079
0,000294	-4,67905	0,000294	-4,88358
0,000296	-4,86812	0,000296	-3,76075
0,000298	-3,2164	0,000298	-1,21168
0,0003	-0,360051	0,0003	1,7906
0,000302	2,60906	0,000302	4,1194
0,000304	4,58613	0,000304	4,87892
0,000306	4,80548	0,000306	3,78892
0,000308	3,19335	0,000308	1,25624
0,00031	0,350818	0,00031	-1,74603
0,000312	-2,62761	0,000312	-4,09154
0,000314	-4,62913	0,000314	-4,89196
0,000316	-4,89002	0,000316	-3,8387
0,000318	-3,30369	0,000318	-1,33182
0,00032	-0,481159	0,00032	1,67625
0,000322	2,50953	0,000322	4,05014
0,000324	4,53942	0,000324	4,88504
0,000326	4,83769	0,000326	3,86751
0,000328	3,28483	0,000328	1,37606
0,00033	0,46935	0,00033	-1,63394
0,000332	-2,51939	0,000332	-4,02358
0,000334	-4,57952	0,000334	-4,89743
0,000336	-4,91322	0,000336	-3,91278
0,000338	-3,40419	0,000338	-1,44938
0,00034	-0,607744	0,00034	1,55901
0,000342	2,40033	0,000342	3,98218
0,000344	4,49175	0,000344	4,88794
0,000346	4,86153	0,000346	3,93998
0,000348	3,3734	0,000348	1,4933
0,00035	0,598189	0,00035	-1,51638
0,000352	-2,41696	0,000352	-3,95272
0,000354	-4,51897	0,000354	-4,89679
0,000356	-4,9451	0,000356	-3,98461
0,000358	-3,49341	0,000358	-1,56373
0,00036	-0,736582	0,00036	1,44402
0,000362	2,28599	0,000362	3,90745
0,000364	4,42894	0,000364	4,88762
0,000366	4,8844	0,000366	4,01117
0,000368	3,47036	0,000368	1,60926
0,00037	0,720909	0,00037	-1,40075
0,000372	-2,30294	0,000372	-3,87928
0,000374	-4,47194	0,000374	-4,89453
0,000376	-4,9596	0,000376	-4,05515
0,000378	-3,5807	0,000378	-1,68129
0,00038	-0,857047	0,00038	1,32613
0,000382	2,1768	0,000382	3,8324
0,000384	4,36871	0,000384	4,8815
0,000386	4,90985	0,000386	4,08074
0,000388	3,55604	0,000388	1,72489
0,00039	0,845561	0,00039	-1,28221
0,000392	-2,18956	0,000392	-3,80359
0,000394	-4,41429	0,000394	-4,88777
0,000396	-4,98247	0,000396	-4,12408
0,000398	-3,66187	0,000398	-1,79854
0,0004	-0,981698	0,0004	1,20985
0,000402	2,06438	0,000402	3,75767
0,000404	4,31781	0,000404	4,87892
0,000406	4,92112	0,000406	4,14839
0,000408	3,6385	0,000408	1,84213
0,00041	0,966025	0,00041	-1,16529
0,000412	-2,07361	0,000412	-3,72403
0,000414	-4,34536	0,000414	-4,88197
0,000416	-4,99471	0,000416	-4,18914
0,000418	-3,75946	0,000418	-1,90998
0,00042	-1,1086	0,00042	1,09068
0,000422	1,9539	0,000422	3,67618
0,000424	4,25307	0,000424	4,86894
0,000426	4,93529	0,000426	4,20991
0,000428	3,72031	0,000428	1,95197
0,00043	1,08907	0,00043	-1,04837
0,000432	-1,96345	0,000432	-3,64351
0,000434	-4,28931	0,000434	-4,86909
0,000436	-5,00276	0,000436	-4,25195
0,000438	-3,8329	0,000438	-2,02175
0,00044	-1,22649	0,00044	0,972789
0,000442	1,83312	0,000442	3,59566
0,000444	4,18897	0,000444	4,85251
0,000446	4,94238	0,000446	4,27175
0,000448	3,81179	0,000448	2,06503
0,00045	1,21791	0,00045	-0,92823
0,000452	-1,84202	0,000452	-3,56008
0,000454	-4,22232	0,000454	-4,85331
0,000456	-5,00952	0,000456	-4,31186
0,000458	-3,91954	0,000458	-2,13255
0,00046	-1,34535	0,00046	0,85168
0,000462	1,71813	0,000462	3,50998
0,000464	4,12036	0,000464	4,83834
0,000466	4,9514	0,000466	4,33199
0,000468	3,88587	0,000468	2,17486
0,00047	1,33257	0,00047	-0,80841
0,000472	-1,72832	0,000472	-3,47537
0,000474	-4,15467	0,000474	-4,8372
0,000476	-5,01886	0,000476	-4,3708
0,000478	-3,99491	0,000478	-2,24206
0,00048	-1,46742	0,00048	0,730572
0,000482	1,60314	0,000482	3,42204
0,000484	4,05562	0,000484	4,81708
0,000486	4,95526	0,000486	4,38707
0,000488	3,95834	0,000488	2,28245
0,00049	1,45497	0,00049	-0,686335
0,000492	-1,61172	0,000492	-3,3884
0,000494	-4,07673	0,000494	-4,81498
0,000496	-5,02241	0,000496	-4,42234
0,000498	-4,06578	0,000498	-2,3519
0,0005	-1,58982	0,0005	0,607852
0,000502	1,48106	0,000502	3,3325
0,000504	3,97381	0,000504	4,79485
0,000506	4,95075	0,000506	4,43828
0,000508	4,03436	0,000508	2,38971
0,00051	1,57125	0,00051	-0,562006
0,000512	-1,48932	0,000512	-3,29951
0,000514	-4,00136	0,000514	-4,79114
0,000516	-5,0179	0,000516	-4,47452
0,000518	-4,14437	0,000518	-2,45851
0,00052	-1,69965	0,00052	0,486743
0,000522	1,36188	0,000522	3,24263
0,000524	3,90359	0,000524	4,77231
0,000526	4,95075	0,000526	4,48724
0,000528	4,1049	0,000528	2,49729
0,00053	1,69171	0,00053	-0,442186
0,000532	-1,36886	0,000532	-3,20803
0,000534	-3,93822	0,000534	-4,76634
0,000536	-5,01693	0,000536	-4,52283
0,000538	-4,20975	0,000538	-2,56223
0,00054	-1,81657	0,00054	0,363058
0,000542	1,24142	0,000542	3,15083
0,000544	3,81887	0,000544	4,74364
0,000546	4,9456	0,000546	4,53524
0,000548	4,17287	0,000548	2,60165
0,00055	1,80187	0,00055	-0,3185
0,000552	-1,24904	0,000552	-3,11333
0,000554	-3,84868	0,000554	-4,73703
0,000556	-5,01113	0,000556	-4,56825
0,000558	-4,27224	0,000558	-2,66465
0,00056	-1,93833	0,00056	0,241305
0,000562	1,11677	0,000562	3,05162
0,000564	3,74415	0,000564	4,71111
0,000566	4,93819	0,000566	4,58033
0,000568	4,236	0,000568	2,70408
0,00057	1,92298	0,00057	-0,19707
0,000572	-1,12439	0,000572	-3,01767
0,000574	-3,76558	0,000574	-4,70095
0,000576	-4,99277	0,000576	-4,61141
0,000578	-4,33569	0,000578	-2,76772
0,00058	-2,04913	0,00058	0,118264
0,000582	0,997913	0,000582	2,9566
0,000584	3,66265	0,000584	4,67632
0,000586	4,91983	0,000586	4,62188
0,000588	4,29978	0,000588	2,80715
0,00059	2,03539	0,00059	-0,0749949
0,000592	-1,00586	0,000592	-2,91975
0,000594	-3,6857	0,000594	-4,66778
0,000596	-4,98794	0,000596	-4,65296
0,000598	-4,40301	0,000598	-2,86661
0,0006	-2,16701	0,0006	-0,00252298
0,000602	0,873905	0,000602	2,85868
0,000604	3,57665	0,000604	4,64185
0,000606	4,90662	0,000606	4,66182
0,000608	4,36484	0,000608	2,90539
0,00061	2,14877	0,00061	0,0493347
0,000612	-0,885391	0,000612	-2,81926
0,000614	-3,59584	0,000614	-4,6288
0,000616	-4,96056	0,000616	-4,68678
0,000618	-4,4597	0,000618	-2,96775
0,00062	-2,27878	0,00062	-0,128141
0,000622	0,751186	0,000622	2,75851
0,000624	3,49001	0,000624	4,6003
0,000626	4,8902	0,000626	4,6979
0,000628	4,41992	0,000628	3,00266
0,00063	2,26183	0,00063	0,17302
0,000632	-0,765571	0,000632	-2,71844
0,000634	-3,50726	0,000634	-4,58661
0,000636	-4,94704	0,000636	-4,72189
0,000638	-4,51381	0,000638	-3,06599
0,00064	-2,3854	0,00064	-0,247961
0,000642	0,630399	0,000642	2,65576
0,000644	3,40014	0,000644	4,55714
0,000646	4,86862	0,000646	4,73108
0,000648	4,47822	0,000648	3,10058
0,00065	2,36941	0,00065	0,294129
0,000652	-0,634478	0,000652	-2,61827
0,000654	-3,41772	0,000654	-4,53894
0,000656	-4,92385	0,000656	-4,7541
0,000658	-4,57083	0,000658	-3,15875
0,00066	-2,50199	0,00066	-0,370036
0,000662	0,504781	0,000662	2,55172
0,000664	3,30963	0,000664	4,5143
0,000666	4,83769	0,000666	4,75942
0,000668	4,52364	0,000668	3,19399
0,00067	2,48473	0,00067	0,417492
0,000672	-0,512403	0,000672	-2,51262
0,000674	-3,32753	0,000674	-4,49545
0,000676	-4,89711	0,000676	-4,78051
0,000678	-4,62526	0,000678	-3,25216
0,00068	-2,61118	0,00068	-0,492433
0,000682	0,382384	0,000682	2,44414
0,000684	3,21396	0,000684	4,46308
0,000686	4,82481	0,000686	4,78551
0,000688	4,57228	0,000688	3,28579
0,00069	2,58651	0,00069	0,537635
0,000692	-0,386141	0,000692	-2,40311
0,000694	-3,22929	0,000694	-4,44521
0,000696	-4,86393	0,000696	-4,80789
0,000698	-4,67132	0,000698	-3,34267
0,0007	-2,71232	0,0007	-0,615474
0,000702	0,257088	0,000702	2,34075
0,000704	3,11637	0,000704	4,41122
0,000706	4,78841	0,000706	4,80935
0,000708	4,62736	0,000708	3,37598
0,00071	2,6957	0,00071	0,660998
0,000712	-0,266643	0,000712	-2,29875
0,000714	-3,13137	0,000714	-4,39528
0,000716	-4,8343	0,000716	-4,82979
0,000718	-4,7148	0,000718	-3,4306
0,00072	-2,81572	0,00072	-0,737227
0,000722	0,132114	0,000722	2,23123
0,000724	3,02102	0,000724	4,3584
0,000726	4,75266	0,000726	4,83125
0,000728	4,66537	0,000728	3,46166
0,00073	2,79298	0,00073	0,78404
0,000732	-0,145534	0,000732	-2,18859
0,000734	-3,03539	0,000734	-4,33698
0,000736	-4,8037	0,000736	-4,84622
0,000738	-4,75507	0,000738	-3,51692
0,00074	-2,92072	0,00074	-0,857691
0,000742	0,00295268	0,000742	2,12172
0,000744	2,92021	0,000744	4,30106
0,000746	4,72141	0,000746	4,84768
0,000748	4,70499	0,000748	3,54992
0,00075	2,89863	0,00075	0,903538
0,000752	-0,0234593	0,000752	-2,08069
0,000754	-2,93489	0,000754	-4,279
0,000756	-4,76183	0,000756	-4,86426
0,000758	-4,79501	0,000758	-3,60614
0,00076	-3,02218	0,00076	-0,976867
0,000762	-0,113002	0,000762	2,01092
0,000764	2,81907	0,000764	4,24083
0,000766	4,6702	0,000766	4,86217
0,000768	4,74106	0,000768	3,63302
0,00077	3,00073	0,00077	1,02207
0,000772	0,10087	0,000772	-1,96925
0,000774	-2,83697	0,000774	-4,2207
0,000776	-4,72125	0,000776	-4,87553
0,000778	-4,83011	0,000778	-3,68634
0,00078	-3,11301	0,00078	-1,0983
0,000782	-0,240875	0,000782	1,89882
0,000784	2,71406	0,000784	4,17866
0,000786	4,62961	0,000786	4,87184
0,000788	4,78873	0,000788	3,71226
0,00079	3,09414	0,00079	1,14576
0,000792	0,229387	0,000792	-1,85522
0,000794	-2,73004	0,000794	-4,15403
0,000796	-4,67519	0,000796	-4,88809
0,000798	-4,86071	0,000798	-3,76397
0,0008	-3,21351	0,0008	-1,21586
0,000802	-0,363916	0,000802	1,78673
0,000804	2,61228	0,000804	4,11521
0,000806	4,58806	0,000806	4,88214
0,000808	4,81192	0,000808	3,79311
0,00081	3,19464	0,00081	1,26268
0,000812	0,354039	0,000812	-1,74249
0,000814	-2,62439	0,000814	-4,08832
0,000816	-4,63074	0,000816	-4,89357
0,000818	-4,90549	0,000818	-3,84095
0,00082	-3,31658	0,00082	-1,33375
0,000822	-0,487601	0,000822	1,67078
0,000824	2,50341	0,000824	4,0466
0,000826	4,53524	0,000826	4,88601
0,000828	4,83802	0,000828	3,86783
0,00083	3,28483	0,00083	1,38024
0,000832	0,479013	0,000832	-1,6275
0,000834	-2,5152	0,000834	-4,01778
0,000836	-4,57372	0,000836	-4,90001
0,000838	-4,92288	0,000838	-3,91342
0,00084	-3,40161	0,00084	-1,45518
0,000842	-0,616118	0,000842	1,55418
0,000844	2,39808	0,000844	3,9767
0,000846	4,48756	0,000846	4,88891
0,000848	4,85509	0,000848	3,94417
0,00085	3,3821	0,00085	1,49845
0,000852	0,602699	0,000852	-1,51187
0,000854	-2,40118	0,000854	-3,94757
0,000856	-4,51961	0,000856	-4,89904
0,000858	-4,94059	0,000858	-3,98912
0,00086	-3,49599	0,00086	-1,57178
0,000862	-0,74077	0,000862	1,4408
0,000864	2,27858	0,000864	3,90262
0,000866	4,43248	0,000866	4,89084
0,000868	4,88343	0,000868	4,01278
0,00087	3,46971	0,00087	1,61505
0,000872	0,726062	0,000872	-1,39591
0,000874	-2,29489	0,000874	-3,87445
0,000876	-4,4713	0,000876	-4,89647
0,000878	-4,9654	0,000878	-4,05933
0,00088	-3,58617	0,00088	-1,68322
0,000882	-0,859945	0,000882	1,32355
0,000884	2,17068	0,000884	3,82757
0,000886	4,38159	0,000886	4,88633
0,000888	4,90276	0,000888	4,08493
0,00089	3,55765	0,00089	1,72747
0,000892	0,850392	0,000892	-1,2777
0,000894	-2,18247	0,000894	-3,79876
0,000896	-4,4072	0,000896	-4,8868
0,000898	-4,98021	0,000898	-4,12472
0,0009	-3,66895	0,0009	-1,80015
0,000902	-0,983631	0,000902	1,20406
0,000904	2,06116	0,000904	3,75284
0,000906	4,30976	0,000906	4,87667
0,000908	4,91725	0,000908	4,14903
0,00091	3,64462	0,00091	1,84375
0,000912	0,971823	0,000912	-1,16046
0,000914	-2,07264	0,000914	-3,72178
0,000916	-4,34471	0,000916	-4,88229
0,000918	-5,00373	0,000918	-4,19043
0,00092	-3,75463	0,00092	-1,91352
0,000922	-1,10989	0,000922	1,08585
0,000924	1,94746	0,000924	3,67103
0,000926	4,25049	0,000926	4,86862
0,000928	4,92982	0,000928	4,21313
0,00093	3,72063	0,00093	1,95777
0,000932	1,09422	0,000932	-1,04193
0,000934	-1,9583	0,000934	-3,64028
0,000936	-4,29157	0,000936	-4,86941
0,000938	-5,01242	0,000938	-4,25485
0,00094	-3,84256	0,00094	-2,02755
0,000942	-1,22456	0,000942	0,96828
0,000944	1,82861	0,000944	3,58889
0,000946	4,18736	0,000946	4,85412
0,000948	4,94173	0,000948	4,27401
0,00095	3,80438	0,00095	2,07018
0,000952	1,21533	0,000952	-0,921788
0,000954	-1,84556	0,000954	-3,55815
0,000956	-4,21974	0,000956	-4,85234
0,000958	-5,01371	0,000958	-4,31186
0,00096	-3,916	0,00096	-2,13545
0,000962	-1,34438	0,000962	0,844272
0,000964	1,71265	0,000964	3,50418
0,000966	4,12133	0,000966	4,83769
0,000968	4,95011	0,000968	4,33166
0,00097	3,88136	0,00097	2,17776
0,000972	1,33547	0,000972	-0,801646
0,000974	-1,72606	0,000974	-3,47215
0,000976	-4,15017	0,000976	-4,83462
0,000978	-5,02209	0,000978	-4,36951
0,00098	-3,99395	0,00098	-2,24722
0,000982	-1,46581	0,000982	0,722197
0,000984	1,59347	0,000984	3,41882
0,000986	4,04821	0,000986	4,82127
0,000988	4,95591	0,000988	4,38513
0,00099	3,96124	0,00099	2,28792
0,000992	1,45562	0,000992	-0,681504
0,000994	-1,60818	0,000994	-3,38583
0,000996	-4,08059	0,000996	-4,81369
0,000998	-5,02176	0,000998	-4,42491
0,001	-4,06964	0,001	-2,35576
0,001002	-1,58756	0,001002	0,60141
0,001004	1,48267	0,001004	3,33089
0,001006	3,97187	0,001006	4,79679
0,001008	4,95269	0,001008	4,43828
0,00101	4,03307	0,00101	2,39776
0,001012	1,57801	0,001012	-0,558141
0,001014	-1,48836	0,001014	-3,29306
0,001016	-4,00554	0,001016	-4,79404
0,001018	-5,015	0,001018	-4,47774
0,00102	-4,13889	0,00102	-2,46109
0,001022	-1,7106	0,001022	0,481912
0,001024	1,35738	0,001024	3,23522
0,001026	3,90294	0,001026	4,77134
0,001028	4,94882	0,001028	4,49111
0,00103	4,10361	0,00103	2,50437
0,001032	1,70331	0,001032	-0,437032
0,001034	-1,36435	0,001034	-3,20255
0,001036	-3,92792	0,001036	-4,76344
0,001038	-5,00856	0,001038	-4,52315
0,00104	-4,21458	0,00104	-2,56706
0,001042	-1,82173	0,001042	0,360803
0,001044	1,23401	0,001044	3,14568
0,001046	3,82564	0,001046	4,74171
0,001048	4,94496	0,001048	4,53652
0,00105	4,17609	0,00105	2,60873
0,001052	1,81089	0,001052	-0,314957
0,001054	-1,24711	0,001054	-3,10915
0,001056	-3,849	0,001056	-4,73316
0,001058	-5,00856	0,001058	-4,57179
0,00106	-4,28158	0,00106	-2,67206
0,001062	-1,94122	0,001062	0,238084
0,001064	1,11999	0,001064	3,04937
0,001066	3,7406	0,001066	4,71111
0,001068	4,94592	0,001068	4,58226
0,00107	4,24598	0,00107	2,71052
0,001072	1,92524	0,001072	-0,191594
0,001074	-1,12664	0,001074	-3,01155
0,001076	-3,76333	0,001076	-4,69999
0,001078	-4,99632	0,001078	-4,61205
0,00108	-4,34085	0,00108	-2,77256
0,001082	-2,05653	0,001082	0,115365
0,001084	0,993726	0,001084	2,95177
0,001086	3,66008	0,001086	4,67825
0,001088	4,92402	0,001088	4,62253
0,00109	4,303	0,00109	2,81391
0,001092	2,04313	0,001092	-0,0701634
0,001094	-1,00199	0,001094	-2,9146
0,001096	-3,67604	0,001096	-4,66584
0,001098	-4,9815	0,001098	-4,65006
0,0011	-4,40752	0,0011	-2,87305
0,001102	-2,16734	0,001102	-0,00864283
0,001104	0,864242	0,001104	2,85385
0,001106	3,57504	0,001106	4,63831
0,001108	4,90276	0,001108	4,66021
0,00111	4,36259	0,00111	2,91022
0,001112	2,15103	0,001112	0,053522
0,001114	-0,874762	0,001114	-2,81572
0,001116	-3,59616	0,001116	-4,62526
0,001118	-4,96829	0,001118	-4,68742
0,00112	-4,45938	0,00112	-2,96839
0,001122	-2,27814	0,001122	-0,130396
0,001124	0,746676	0,001124	2,75304
0,001126	3,48421	0,001126	4,59901
0,001128	4,88665	0,001128	4,69629
0,00113	4,42411	0,00113	3,00911
0,001132	2,26602	0,001132	0,176563
0,001134	-0,754298	0,001134	-2,71393
0,001136	-3,50211	0,001136	-4,58564
0,001138	-4,94671	0,001138	-4,7235
0,00114	-4,518	0,00114	-3,06921
0,001142	-2,39538	0,001142	-0,254403
0,001144	0,62138	0,001144	2,65125
0,001146	3,39595	0,001146	4,55617
0,001148	4,86797	0,001148	4,7314
0,00115	4,4808	0,00115	3,1038
0,001152	2,37489	0,001152	0,29896
0,001154	-0,63029	0,001154	-2,61247
0,001156	-3,41417	0,001156	-4,54184
0,001158	-4,91901	0,001158	-4,7541
0,00116	-4,57083	0,00116	-3,16326
0,001162	-2,50264	0,001162	-0,376156
0,001164	0,503815	0,001164	2,54753
0,001166	3,30125	0,001166	4,5114
0,001168	4,84414	0,001168	4,76039
0,00117	4,52235	0,00117	3,19947
0,001172	2,48408	0,001172	0,420713
0,001174	-0,509504	0,001174	-2,50779
0,001176	-3,31851	0,001176	-4,49545
0,001178	-4,89486	0,001178	-4,78309
0,00118	-4,62172	0,00118	-3,25828
0,001182	-2,60603	0,001182	-0,496298
0,001184	0,374653	0,001184	2,44414
0,001186	3,21364	0,001186	4,46018
0,001188	4,81418	0,001188	4,78422
0,00119	4,57389	0,00119	3,28998
0,001192	2,59231	0,001192	0,542788
0,001194	-0,381631	0,001194	-2,40375
0,001196	-3,22317	0,001196	-4,44327
0,001198	-4,86361	0,001198	-4,8066
0,0012	-4,67357	0,0012	-3,3475
0,001202	-2,71651	0,001202	-0,621272
0,001204	0,253222	0,001204	2,33559
0,001206	3,10928	0,001206	4,40961
0,001208	4,78455	0,001208	4,80903
0,00121	4,62414	0,00121	3,37985
0,001212	2,69699	0,001212	0,66583
0,001214	-0,262455	0,001214	-2,29231
0,001216	-3,12751	0,001216	-4,39077
0,001218	-4,83495	0,001218	-4,83076
0,00122	-4,72447	0,00122	-3,43672
0,001222	-2,8286	0,001222	-0,74077
0,001224	0,124061	0,001224	2,22608
0,001226	3,01684	0,001226	4,35614
0,001228	4,75459	0,001228	4,83061
0,00123	4,66343	0,00123	3,46714
0,001232	2,80908	0,001232	0,788871
0,001234	-0,144246	0,001234	-2,18473
0,001236	-3,04022	0,001236	-4,33569
0,001238	-4,80628	0,001238	-4,8488
0,00124	-4,75603	0,00124	-3,52175
0,001242	-2,92394	0,001242	-0,862844
0,001244	0,00230848	0,001244	2,11785
0,001246	2,91634	0,001246	4,29784
0,001248	4,71497	0,001248	4,84703
0,00125	4,71529	0,00125	3,55443
0,001252	2,90571	0,001252	0,909658
0,001254	-0,0160511	0,001254	-2,07522
0,001256	-2,93199	0,001256	-4,2745
0,001258	-4,76086	0,001258	-4,86393
0,00126	-4,79178	0,00126	-3,60389
0,001262	-3,02605	0,001262	-0,983631
0,001264	-0,123954	0,001264	2,00608
0,001266	2,81488	0,001266	4,24019
0,001268	4,67181	0,001268	4,86121
0,00127	4,74235	0,00127	3,63527
0,001272	3,00589	0,001272	1,02755
0,001274	0,109245	0,001274	-1,96474
0,001276	-2,83375	0,001276	-4,21491
0,001278	-4,71867	0,001278	-4,87617
0,00128	-4,82754	0,00128	-3,68538
0,001282	-3,12429	0,001282	-1,10152
0,001284	-0,248283	0,001284	1,89238
0,001286	2,7044	0,001286	4,17673
0,001288	4,63219	0,001288	4,87441
0,00129	4,77682	0,00129	3,71612
0,001292	3,10187	0,001292	1,14898
0,001294	0,232286	0,001294	-1,85071
0,001296	-2,7265	0,001296	-4,15339
0,001298	-4,67068	0,001298	-4,88519
0,0013	-4,86265	0,0013	-3,7659
0,001302	-3,22027	0,001302	-1,22198
0,001304	-0,371324	0,001304	1,78094
0,001306	2,60551	0,001306	4,11134
0,001308	4,5813	0,001308	4,88118
0,00131	4,81257	0,00131	3,79633
0,001312	3,19593	0,001312	1,26558
0,001314	0,361125	0,001314	-1,73895
0,001316	-2,62117	0,001316	-4,08607
0,001318	-4,62397	0,001318	-4,89292
0,00132	-4,88874	0,00132	-3,84385
0,001322	-3,31819	0,001322	-1,3418
0,001324	-0,49501	0,001324	1,66723
0,001326	2,49761	0,001326	4,04564
0,001328	4,53878	0,001328	4,88987
0,00133	4,83834	0,00133	3,87266
0,001332	3,29481	0,001332	1,38475
0,001334	0,4832	0,001334	-1,62042
0,001336	-2,51198	0,001336	-4,01714
0,001338	-4,57791	0,001338	-4,89614
0,00134	-4,91805	0,00134	-3,9189
0,001342	-3,41192	0,001342	-1,45615
0,001344	-0,617406	0,001344	1,55225
0,001346	2,38842	0,001346	3,97542
0,001348	4,48273	0,001348	4,88794
0,00135	4,85799	0,00135	3,94675
0,001352	3,38371	0,001352	1,50264
0,001354	0,609463	0,001354	-1,50833
0,001356	-2,39989	0,001356	-3,94757
0,001358	-4,52219	0,001358	-4,8955
0,00136	-4,94575	0,00136	-3,99266
0,001362	-3,49663	0,001362	-1,57339
0,001364	-0,743668	0,001364	1,43468
0,001366	2,28212	0,001366	3,9023
0,001368	4,43796	0,001368	4,88569
0,00137	4,89374	0,00137	4,01697
0,001372	3,47358	0,001372	1,61892
0,001374	0,727028	0,001374	-1,39076
0,001376	-2,29167	0,001376	-3,87316
0,001378	-4,47001	0,001378	-4,89228
0,00138	-4,96765	0,00138	-4,06223
0,001382	-3,58907	0,001382	-1,6916
0,001384	-0,864455	0,001384	1,31647
0,001386	2,16617	0,001386	3,8266
0,001388	4,37128	0,001388	4,88375
0,00139	4,90179	0,00139	4,08783
0,001392	3,56795	0,001392	1,73391
0,001394	0,857156	0,001394	-1,27287
0,001396	-2,18247	0,001396	-3,79747
0,001398	-4,40978	0,001398	-4,88648
0,0014	-4,97989	0,0014	-4,13116
0,001402	-3,67539	0,001402	-1,80884
0,001404	-0,994582	0,001404	1,19987
0,001406	2,05472	0,001406	3,74769
0,001408	4,3133	0,001408	4,87602
0,00141	4,92402	0,00141	4,1529
0,001412	3,64687	0,001412	1,84761
0,001414	0,978587	0,001414	-1,15499
0,001416	-2,06233	0,001416	-3,71888
0,001418	-4,33698	0,001418	-4,87843
0,00142	-4,99438	0,00142	-4,19397
0,001422	-3,7527	0,001422	-1,92029
0,001424	-1,11569	0,001424	1,08166
0,001426	1,93844	0,001426	3,66781
0,001428	4,24598	0,001428	4,86636
0,00143	4,93336	0,00143	4,21571
0,001432	3,73094	0,001432	1,96453
0,001434	1,10388	0,001434	-1,03581
0,001436	-1,94638	0,001436	-3,63932
0,001438	-4,28255	0,001438	-4,87263
0,00144	-5,00276	0,00144	-4,2542
0,001442	-3,84321	0,001442	-2,03238
0,001444	-1,23648	0,001444	0,96216
0,001446	1,827	0,001446	3,59115
0,001448	4,18189	0,001448	4,85412
0,00145	4,94431	0,00145	4,27626
0,001452	3,81243	0,001452	2,07501
0,001454	1,22564	0,001454	-0,917601
0,001456	-1,83848	0,001456	-3,55267
0,001458	-4,22006	0,001458	-4,85298
0,00146	-5,0121	0,00146	-4,31798
0,001462	-3,92019	0,001462	-2,14221
0,001464	-1,35952	0,001464	0,839763
0,001466	1,7046	0,001466	3,50128
0,001468	4,11553	0,001468	4,83705
0,00147	4,94689	0,00147	4,33424
0,001472	3,8878	0,001472	2,18646
0,001474	1,34127	0,001474	-0,798425
0,001476	-1,72316	0,001476	-3,47118
0,001478	-4,14662	0,001478	-4,83462
0,00148	-5,02209	0,00148	-4,37338
0,001482	-3,99878	0,001482	-2,25366
0,001484	-1,47612	0,001484	0,717043
0,001486	1,59508	0,001486	3,41624
0,001488	4,04757	0,001488	4,8174
0,00149	4,9514	0,00149	4,38997
0,001492	3,96575	0,001492	2,29372
0,001494	1,46753	0,001494	-0,675384
0,001496	-1,59916	0,001496	-3,38003
0,001498	-4,07834	0,001498	-4,81498
0,0015	-5,02788	0,0015	-4,43265
0,001502	-4,0764	0,001502	-2,35963
0,001504	-1,59787	0,001504	0,597545
0,001506	1,4685	0,001506	3,32606
0,001508	3,97091	0,001508	4,79485
0,00151	4,95301	0,00151	4,44086
0,001512	4,04596	0,001512	2,40162
0,001514	1,58091	0,001514	-0,551377
0,001516	-1,48127	0,001516	-3,29403
0,001518	-3,99395	0,001518	-4,78921
0,00152	-5,02112	0,00152	-4,47452
0,001522	-4,14372	0,001522	-2,4685
0,001524	-1,71318	0,001524	0,475792
0,001526	1,349	0,001526	3,2349
0,001528	3,89521	0,001528	4,76973
0,00153	4,94882	0,00153	4,49014
0,001532	4,10973	0,001532	2,5092
0,001534	1,69816	0,001534	-0,431556
0,001536	-1,36306	0,001536	-3,19837
0,001538	-3,91761	0,001538	-4,76151
0,00154	-5,01274	0,00154	-4,52766
0,001542	-4,21265	0,001542	-2,57318
0,001544	-1,83107	0,001544	0,353717
0,001546	1,22918	0,001546	3,13859
0,001548	3,81726	0,001548	4,74203
0,00155	4,93819	0,00155	4,5362
0,001552	4,17995	0,001552	2,61292
0,001554	1,81379	0,001554	-0,307871
0,001556	-1,23841	0,001556	-3,10432
0,001558	-3,84095	0,001558	-4,73123
0,00156	-5,0063	0,00156	-4,56986
0,001562	-4,27643	0,001562	-2,67432
0,001564	-1,9496	0,001564	0,23293
0,001566	1,10904	0,001566	3,04615
0,001568	3,73609	0,001568	4,71078
0,00157	4,93368	0,00157	4,5842
0,001572	4,24341	0,001572	2,71503
0,001574	1,93039	0,001574	-0,185474
0,001576	-1,12342	0,001576	-3,00833
0,001578	-3,76172	0,001578	-4,69773
0,00158	-4,99793	0,00158	-4,61463
0,001582	-4,35148	0,001582	-2,77868
0,001584	-2,06362	0,001584	0,108601
0,001586	0,990183	0,001586	2,94758
0,001588	3,6546	0,001588	4,67277
0,00159	4,91854	0,00159	4,62349
0,001592	4,31202	0,001592	2,81552
0,001594	2,04667	0,001594	-0,062111
0,001596	-0,998447	0,001596	-2,90977
0,001598	-3,68119	0,001598	-4,66617
0,0016	-4,98118	0,0016	-4,6536
0,001602	-4,41106	0,001602	-2,87885
0,001604	-2,17152	0,001604	-0,015729
0,001606	0,860055	0,001606	2,85095
0,001608	3,57923	0,001608	4,63702
0,00161	4,90662	0,00161	4,66408
0,001612	4,37096	0,001612	2,91537
0,001614	2,15457	0,001614	0,0609302
0,001616	-0,877017	0,001616	-2,81282
0,001618	-3,60067	0,001618	-4,62719
0,00162	-4,96862	0,00162	-4,68936
0,001622	-4,46936	0,001622	-2,97676
0,001624	-2,29617	0,001624	-0,135871
0,001626	0,738946	0,001626	2,75014
0,001628	3,4855	0,001628	4,59676
0,00163	4,88601	0,00163	4,70241
0,001632	4,43023	0,001632	3,01265
0,001634	2,26988	0,001634	0,181395
0,001636	-0,746245	0,001636	-2,70781
0,001638	-3,50017	0,001638	-4,58242
0,00164	-4,94736	0,00164	-4,7264
0,001642	-4,5238	0,001642	-3,07178
0,001644	-2,39957	0,001644	-0,260845
0,001646	0,616227	0,001646	2,64739
0,001648	3,39499	0,001648	4,55392
0,00165	4,86314	0,00165	4,73108
0,001652	4,48048	0,001652	3,10831
0,001654	2,3823	0,001654	0,305402
0,001656	-0,627069	0,001656	-2,60635
0,001658	-3,40934	0,001658	-4,53958
0,00166	-4,91837	0,00166	-4,757
0,001662	-4,57437	0,001662	-3,16712
0,001664	-2,50586	0,001664	-0,383564
0,001666	0,494152	0,001666	2,54238
0,001668	3,29932	0,001668	4,5085
0,00167	4,83834	0,00167	4,76007
0,001672	4,52718	0,001672	3,20269
0,001674	2,49052	0,001674	0,426833
0,001676	-0,504028	0,001676	-2,50554
0,001678	-3,314	0,001678	-4,49191
0,00168	-4,88938	0,00168	-4,78309
0,001682	-4,62397	0,001682	-3,26021
0,001684	-2,61473	0,001684	-0,505639
0,001686	0,366601	0,001686	2,43641
0,001688	3,20656	0,001688	4,46051
0,00169	4,81708	0,00169	4,78519
0,001692	4,5784	0,001692	3,29546
0,001694	2,59553	0,001694	0,550197
0,001696	-0,380021	0,001696	-2,39441
0,001698	-3,21834	0,001698	-4,44102
0,0017	-4,86297	0,0017	-4,80725
0,001702	-4,66391	0,001702	-3,3504
0,001704	-2,72456	0,001704	-0,629324
0,001706	0,248391	0,001706	2,32883
0,001708	3,10928	0,001708	4,40639
0,00171	4,78294	0,00171	4,81225
0,001712	4,62897	0,001712	3,38468
0,001714	2,70375	0,001714	0,670339
0,001716	-0,256658	0,001716	-2,28748
0,001718	-3,12718	0,001718	-4,38755
0,00172	-4,82915	0,00172	-4,8314
0,001722	-4,72608	0,001722	-3,43769
0,001724	-2,82957	0,001724	-0,748822
0,001726	0,117941	0,001726	2,22318
0,001728	3,01265	0,001728	4,35614
0,00173	4,7372	0,00173	4,83093
0,001732	4,67084	0,001732	3,46907
0,001734	2,80779	0,001734	0,793381
0,001736	-0,134905	0,001736	-2,17893
0,001738	-3,03023	0,001738	-4,33312
0,00174	-4,79404	0,00174	-4,84815
0,001742	-4,76151	0,001742	-3,52433
0,001744	-2,93232	0,001744	-0,867676
0,001746	-0,00509976	0,001746	2,11109
0,001748	2,91602	0,001748	4,29623
0,00175	4,71143	0,00175	4,848
0,001752	4,71078	0,001752	3,55797
0,001754	2,91248	0,001754	0,914168
0,001756	-0,0115417	0,001756	-2,06684
0,001758	-2,92652	0,001758	-4,27385
0,00176	-4,75442	0,00176	-4,8649
0,001762	-4,80531	0,001762	-3,6113
0,001764	-3,03088	0,001764	-0,990073
0,001766	-0,130074	0,001766	1,999
0,001768	2,80683	0,001768	4,23697
0,00177	4,66408	0,00177	4,8625
0,001772	4,74332	0,001772	3,63946
0,001774	3,01233	0,001774	1,03238
0,001776	0,114398	0,001776	-1,95701
0,001778	-2,82635	0,001778	-4,21394
0,00178	-4,7206	0,00178	-4,87682
0,001782	-4,82399	0,001782	-3,68892
0,001784	-3,12525	0,001784	-1,11054
0,001786	-0,253759	0,001786	1,8882
0,001788	2,70504	0,001788	4,17351
0,00179	4,62768	0,00179	4,87313
0,001792	4,78261	0,001792	3,71999
0,001794	3,10831	0,001794	1,15381
0,001796	0,238084	0,001796	-1,84621
0,001798	-2,71909	0,001798	-4,14791
0,0018	-4,6681	0,0018	-4,88648
0,001802	-4,87521	0,001802	-3,77202
0,001804	-3,22575	0,001804	-1,22939
0,001806	-0,376156	0,001806	1,77353
0,001808	2,60036	0,001808	4,10845
0,00181	4,5784	0,00181	4,88086
0,001812	4,81192	0,001812	3,79826
0,001814	3,20301	0,001814	1,27556
0,001816	0,364024	0,001816	-1,73089
0,001818	-2,61441	0,001818	-4,08188
0,00182	-4,61592	0,00182	-4,89325
0,001822	-4,89872	0,001822	-3,84868
0,001824	-3,31593	0,001824	-1,34696
0,001826	-0,507893	0,001826	1,65918
0,001828	2,48762	0,001828	4,04209
0,00183	4,53395	0,00183	4,88826
0,001832	4,83834	0,001832	3,87653
0,001834	3,29739	0,001834	1,38991
0,001836	0,48932	0,001836	-1,61719
0,001838	-2,50522	0,001838	-4,01327
0,00184	-4,58242	0,00184	-4,89453
0,001842	-4,92513	0,001842	-3,9218
0,001844	-3,41192	0,001844	-1,46355
0,001846	-0,624493	0,001846	1,54709
0,001848	2,37972	0,001848	3,97284
0,00185	4,48466	0,00185	4,8902
0,001852	4,87602	0,001852	3,94772
0,001854	3,38725	0,001854	1,50747
0,001856	0,614294	0,001856	-1,50382
0,001858	-2,39957	0,001858	-3,9437
0,00186	-4,51607	0,00186	-4,89647
0,001862	-4,94994	0,001862	-3,99459
0,001864	-3,50211	0,001864	-1,57854
0,001866	-0,750432	0,001866	1,42888
0,001868	2,276	0,001868	3,8994
0,00187	4,4312	0,00187	4,88826
0,001872	4,88472	0,001872	4,0189
0,001874	3,47777	0,001874	1,62343
0,001876	0,741201	0,001876	-1,38367
0,001878	-2,28587	0,001878	-3,8664
0,00188	-4,45874	0,00188	-4,89035
0,001882	-4,96733	0,001882	-4,06996
0,001884	-3,59229	0,001884	-1,69546
0,001886	-0,877017	0,001886	1,31003
0,001888	2,16134	0,001888	3,82145
0,00189	4,36291	0,00189	4,8844
0,001892	4,90405	0,001892	4,09041
0,001894	3,57053	0,001894	1,74132
0,001896	0,86231	0,001896	-1,26547
0,001898	-2,17571	0,001898	-3,79264
0,0019	-4,40076	0,0019	-4,88841
0,001902	-4,98408	0,001902	-4,13245
0,001904	-3,68345	0,001904	-1,80981
0,001906	-0,997159	0,001906	1,19343
0,001908	2,04635	0,001908	3,74125
0,00191	4,31041	0,00191	4,87763
0,001912	4,91886	0,001912	4,15515
0,001914	3,64784	0,001914	1,85405
0,001916	0,983097	0,001916	-1,15048
0,001918	-2,0575	0,001918	-3,71469
0,00192	-4,33827	0,00192	-4,87779
0,001922	-4,99632	0,001922	-4,20299
0,001924	-3,76622	0,001924	-1,92544
0,001926	-1,1202	0,001926	1,07651
0,001928	1,93071	0,001928	3,66459
0,00193	4,24212	0,00193	4,86604
0,001932	4,93529	0,001932	4,22215
0,001934	3,73319	0,001934	1,97033
0,001936	1,10582	0,001936	-1,03066
0,001938	-1,9438	0,001938	-3,6332
0,00194	-4,28061	0,00194	-4,8649
0,001942	-5,015	0,001942	-4,2629
0,001944	-3,84772	0,001944	-2,03495
0,001946	-1,24195	0,001946	0,955074
0,001948	1,81733	0,001948	3,58019
0,00195	4,17899	0,00195	4,85348
0,001952	4,94399	0,001952	4,28142
0,001954	3,8134	0,001954	2,07888
0,001956	1,22886	0,001956	-0,911481
0,001958	-1,83364	0,001958	-3,54784
0,00196	-4,2162	0,00196	-4,85363
0,001962	-5,01403	0,001962	-4,32056
0,001964	-3,92502	0,001964	-2,14737
0,001966	-1,36338	0,001966	0,833643
0,001968	1,7017	0,001968	3,49774
0,00197	4,1107	0,00197	4,83415
0,001972	4,95204	0,001972	4,33875
0,001974	3,89521	0,001974	2,19065
0,001976	1,35222	0,001976	-0,791661
0,001978	-1,71028	0,001978	-3,46603
0,00198	-4,1434	0,00198	-4,8343
0,001982	-5,03207	0,001982	-4,37596
0,001984	-4,00554	0,001984	-2,25688
0,001986	-1,48481	0,001986	0,71189
0,001988	1,57769	0,001988	3,40787
0,00199	4,03952	0,00199	4,81579
0,001992	4,95687	0,001992	4,39319
0,001994	3,96865	0,001994	2,29726
0,001996	1,47301	0,001996	-0,670552
0,001998	-1,58692	0,001998	-3,37617
0,002	-4,07093	0,002	-4,8124
0,002002	-5,0208	0,002002	-4,42749
0,002004	-4,07383	0,002004	-2,36349
0,002006	-1,6027	0,002006	0,590781
0,002008	1,46496	0,002008	3,32509
0,00201	3,96994	0,00201	4,79195
0,002012	4,95236	0,002012	4,44505
0,002014	4,04241	0,002014	2,40613
0,002016	1,59058	0,002016	-0,545901
0,002018	-1,47612	0,002018	-3,28727
0,00202	-3,99491	0,00202	-4,7876
0,002022	-5,01661	0,002022	-4,48225
0,002024	-4,14823	0,002024	-2,47172
0,002026	-1,71898	0,002026	0,46935
0,002028	1,34546	0,002028	3,232
0,00203	3,89425	0,00203	4,76619
0,002032	4,94721	0,002032	4,49368
0,002034	4,12069	0,002034	2,51114
0,002036	1,69944	0,002036	-0,425437
0,002038	-1,35275	0,002038	-3,19354
0,00204	-3,91375	0,00204	-4,76441
0,002042	-5,01661	0,002042	-4,52863
0,002044	-4,22038	0,002044	-2,57704
0,002046	-1,84073	0,002046	0,347919
0,002048	1,22467	0,002048	3,13634
0,00205	3,81404	0,00205	4,73945
0,002052	4,94463	0,002052	4,54361
0,002054	4,18414	0,002054	2,61679
0,002056	1,8212	0,002056	-0,30304
0,002058	-1,23358	0,002058	-3,10013
0,00206	-3,8329	0,00206	-4,73187
0,002062	-5,00598	0,002062	-4,57437
0,002064	-4,2848	0,002064	-2,68108
0,002066	-1,95314	0,002066	0,224878
0,002068	1,10163	0,002068	3,04099
0,00207	3,73609	0,00207	4,70982
0,002072	4,93594	0,002072	4,58613
0,002074	4,24663	0,002074	2,71857
0,002076	1,93587	0,002076	-0,179677
0,002078	-1,1144	0,002078	-3,00511
0,00208	-3,75624	0,00208	-4,70063
0,002082	-4,99761	0,002082	-4,61817
0,002084	-4,34858	0,002084	-2,78383
0,002086	-2,06716	0,002086	0,103447
0,002088	0,977621	0,002088	2,94372
0,00209	3,64462	0,00209	4,67342
0,002092	4,92144	0,002092	4,62704
0,002094	4,31041	0,002094	2,82164
0,002096	2,05182	0,002096	-0,0572795
0,002098	-0,990395	0,002098	-2,90816
0,0021	-3,67314	0,0021	-4,65972
0,002102	-4,98633	0,002102	-4,65586
0,002104	-4,40978	0,002104	-2,8811
0,002106	-2,1799	0,002106	-0,0195941
0,002108	0,8578	0,002108	2,84483
0,00211	3,56216	0,00211	4,63734
0,002112	4,90308	0,002112	4,66504
0,002114	4,36903	0,002114	2,91924
0,002116	2,16359	0,002116	0,0641512
0,002118	-0,870575	0,002118	-2,80638
0,00212	-3,59004	0,00212	-4,62075
0,002122	-4,96507	0,002122	-4,69805
0,002124	-4,46485	0,002124	-2,97934
0,002126	-2,2907	0,002126	-0,14328
0,002128	0,734437	0,002128	2,74627
0,00213	3,48453	0,00213	4,59611
0,002132	4,89599	0,002132	4,69983
0,002134	4,4312	0,002134	3,01716
0,002136	2,27826	0,002136	0,188159
0,002138	-0,743991	0,002138	-2,70749
0,00214	-3,49341	0,00214	-4,58017
0,002142	-4,94188	0,002142	-4,72382
0,002144	-4,52251	0,002144	-3,07436
0,002146	-2,40343	0,002146	-0,263744
0,002148	0,612039	0,002148	2,64481
0,00215	3,38887	0,00215	4,55263
0,002152	4,86604	0,002152	4,73397
0,002154	4,47887	0,002154	3,10864
0,002156	2,3852	0,002156	0,309912
0,002158	-0,622882	0,002158	-2,6041
0,00216	-3,40741	0,00216	-4,53539
0,002162	-4,91676	0,002162	-4,75829
0,002164	-4,58081	0,002164	-3,17228
0,002166	-2,50747	0,002166	-0,386141
0,002168	0,488354	0,002168	2,5398
0,00217	3,29674	0,00217	4,50399
0,002172	4,8393	0,002172	4,76393
0,002174	4,53524	0,002174	3,20494
0,002176	2,49052	0,002176	0,431987
0,002178	-0,497908	0,002178	-2,50006
0,00218	-3,31529	0,00218	-4,4903
0,002182	-4,89099	0,002182	-4,78341
0,002184	-4,62945	0,002184	-3,26085
0,002186	-2,62504	0,002186	-0,50886
0,002188	0,365957	0,002188	2,43158
0,00219	3,20108	0,00219	4,45825
0,002192	4,80903	0,002192	4,78906
0,002194	4,58355	0,002194	3,29739
0,002196	2,59778	0,002196	0,554384
0,002198	-0,372935	0,002198	-2,39055
0,0022	-3,2164	0,0022	-4,44134
0,002202	-4,86007	0,002202	-4,8095
0,002204	-4,68678	0,002204	-3,3533
0,002206	-2,72489	0,002206	-0,631257
0,002208	0,246458	0,002208	2,32496
0,00221	3,10445	0,00221	4,40446
0,002212	4,781	0,002212	4,81031
0,002214	4,63026	0,002214	3,38661
0,002216	2,70214	0,002216	0,676137
0,002218	-0,25086	0,002218	-2,28683
0,00222	-3,1172	0,00222	-4,38465
0,002222	-4,83076	0,002222	-4,83011
0,002224	-4,71351	0,002224	-3,44606
0,002226	-2,83118	0,002226	-0,750755
0,002228	0,115365	0,002228	2,21577
0,00223	3,00299	0,00223	4,35163
0,002232	4,74847	0,002232	4,8319
0,002234	4,67052	0,002234	3,47551
0,002236	2,80779	0,002236	0,794991
0,002238	-0,127175	0,002238	-2,177
0,00224	-3,02476	0,00224	-4,32796
0,002242	-4,79372	0,002242	-4,85363
0,002244	-4,76408	0,002244	-3,53174
0,002246	-2,93521	0,002246	-0,872829
0,002248	-0,00960912	0,002248	2,10787
0,00225	2,90539	0,00225	4,29655
0,002252	4,71046	0,002252	4,84832
0,002254	4,70756	0,002254	3,55894
0,002256	2,91248	0,002256	0,917711
0,002258	-0,00638815	0,002258	-2,06652
0,00226	-2,92716	0,00226	-4,27127
0,002262	-4,7541	0,002262	-4,86329
0,002264	-4,79919	0,002264	-3,61419
0,002266	-3,0312	0,002266	-0,992971
0,002268	-0,134261	0,002268	1,99803
0,00227	2,80199	0,00227	4,2331
0,002272	4,66569	0,002272	4,86475
0,002274	4,74686	0,002274	3,64462
0,002276	3,0149	0,002276	1,03946
0,002278	0,116331	0,002278	-1,95314
0,00228	-2,82151	0,00228	-4,20685
0,002282	-4,7148	0,002282	-4,87585
0,002284	-4,83656	0,002284	-3,6944
0,002286	-3,13524	0,002286	-1,11505
0,002288	-0,254081	0,002288	1,88497
0,00229	2,70569	0,00229	4,17287
0,002292	4,62639	0,002292	4,87248
0,002294	4,78777	0,002294	3,72611
0,002296	3,10799	0,002296	1,15896
0,002298	0,247425	0,002298	-1,84073
0,0023	-2,71715	0,0023	-4,14598
0,002302	-4,66488	0,002302	-4,88391
0,002304	-4,87134	0,002304	-3,77331
0,002306	-3,2309	0,002306	-1,23229
0,002308	-0,385175	0,002308	1,76934
0,00231	2,59488	0,00231	4,10748
0,002312	4,5813	0,002312	4,88375
0,002314	4,80677	0,002314	3,80438
0,002316	3,20881	0,002316	1,27717
0,002318	0,373043	0,002318	-1,7251
0,00232	-2,61151	0,00232	-4,08124
0,002322	-4,62655	0,002322	-4,89486
0,002324	-4,90484	0,002324	-3,84868
0,002326	-3,32624	0,002326	-1,34953
0,002328	-0,504995	0,002328	1,65596
0,00233	2,48827	0,00233	4,03726
0,002332	4,52525	0,002332	4,88408
0,002334	4,84703	0,002334	3,88007
0,002336	3,299	0,002336	1,39732
0,002338	0,496728	0,002338	-1,60946
0,00234	-2,50618	0,00234	-4,01134
0,002342	-4,57437	0,002342	-4,89486
0,002344	-4,92095	0,002344	-3,92663
0,002346	-3,41546	0,002346	-1,46871
0,002348	-0,637054	0,002348	1,53807
0,00235	2,38165	0,00235	3,96897
0,002352	4,47951	0,002352	4,88859
0,002354	4,85831	0,002354	3,95287
0,002356	3,38887	0,002356	1,51392
0,002358	0,616227	0,002358	-1,49737
0,00236	-2,38604	0,00236	-3,9379
0,002362	-4,51414	0,002362	-4,89776
0,002364	-4,94349	0,002364	-3,99749
0,002366	-3,51177	0,002366	-1,58402
0,002368	-0,75623	0,002368	1,42308
0,00237	2,26731	0,00237	3,8936
0,002372	4,42411	0,002372	4,88665
0,002374	4,88279	0,002374	4,02277
0,002376	3,48453	0,002376	1,62794
0,002378	0,741523	0,002378	-1,37884
0,00238	-2,28007	0,00238	-3,86446
0,002382	-4,45906	0,002382	-4,8926
0,002384	-4,9625	0,002384	-4,06674
0,002386	-3,60131	0,002386	-1,70223
0,002388	-0,879915	0,002388	1,30455
0,00239	2,15328	0,00239	3,82016
0,002392	4,37708	0,002392	4,88472
0,002394	4,90985	0,002394	4,09105
0,002396	3,56828	0,002396	1,74389
0,002398	0,861666	0,002398	-1,26063
0,0024	-2,16798	0,0024	-3,78909
0,002402	-4,40527	0,002402	-4,88648
0,002404	-4,9815	0,002404	-4,13181
0,002406	-3,6857	0,002406	-1,81528
0,002408	-1,0007	0,002408	1,18892
0,00241	2,03829	0,00241	3,73964
0,002412	4,30493	0,002412	4,87506
0,002414	4,92337	0,002414	4,15902
0,002416	3,65492	0,002416	1,85953
0,002418	0,986318	0,002418	-1,14532
0,00242	-2,05331	0,00242	-3,71018
0,002422	-4,33859	0,002422	-4,88068
0,002424	-5,0005	0,002424	-4,19848
0,002426	-3,76784	0,002426	-1,92931
0,002428	-1,11956	0,002428	1,07071
0,00243	1,92491	0,00243	3,65943
0,002432	4,24244	0,002432	4,86862
0,002434	4,93787	0,002434	4,21796
0,002436	3,73674	0,002436	1,97194
0,002438	1,10743	0,002438	-1,0255
0,00244	-1,93961	0,00244	-3,62998
0,002442	-4,27288	0,002442	-4,86619
0,002444	-5,0063	0,002444	-4,26129
0,002446	-3,85512	0,002446	-2,0414
0,002448	-1,24453	0,002448	0,951209
0,00245	1,81443	0,00245	3,57762
0,002452	4,18027	0,002452	4,85122
0,002454	4,94173	0,002454	4,28367
0,002456	3,82338	0,002456	2,08468
0,002458	1,23272	0,002458	-0,906649
0,00246	-1,82076	0,00246	-3,54655
0,002462	-4,21942	0,002462	-4,8488
0,002464	-5,02402	0,002464	-4,3241
0,002466	-3,92888	0,002466	-2,15349
0,002468	-1,36177	0,002468	0,826557
0,00247	1,68946	0,00247	3,49452
0,002472	4,11521	0,002472	4,8364
0,002474	4,9543	0,002474	4,33843
0,002476	3,89843	0,002476	2,19741
0,002478	1,3548	0,002478	-0,786507
0,00248	-1,70416	0,00248	-3,46281
0,002482	-4,13921	0,002482	-4,83527
0,002484	-5,02402	0,002484	-4,3766
0,002486	-4,00748	0,002486	-2,26235
0,002488	-1,48932	0,002488	0,708347
0,00249	1,57705	0,00249	3,40626
0,002492	4,03758	0,002492	4,81482
0,002494	4,95655	0,002494	4,39448
0,002496	3,96736	0,002496	2,30435
0,002498	1,47333	0,002498	-0,666687
0,0025	-1,59078	0,0025	-3,37359
0,002502	-4,06674	0,002502	-4,81272
0,002504	-5,01725	0,002504	-4,4291
0,002506	-4,08317	0,002506	-2,37219
0,002508	-1,61043	0,002508	0,585949
0,00251	1,4598	0,00251	3,31704
0,002512	3,96382	0,002512	4,7926
0,002514	4,95172	0,002514	4,44569
0,002516	4,04692	0,002516	2,41129
0,002518	1,59058	0,002518	-0,540425
0,00252	-1,4729	0,00252	-3,28405
0,002522	-3,99556	0,002522	-4,78792
0,002524	-5,02273	0,002524	-4,48225
0,002526	-4,15403	0,002526	-2,47848
0,002528	-1,7222	0,002528	0,465485
0,00253	1,33451	0,00253	3,22427
0,002532	3,90069	0,002532	4,76715
0,002534	4,94657	0,002534	4,49594
0,002536	4,11779	0,002536	2,5179
0,002538	1,71168	0,002538	-0,420605
0,00254	-1,3505	0,00254	-3,18806
0,002542	-3,916	0,002542	-4,75893
0,002544	-5,02112	0,002544	-4,52927
0,002546	-4,21909	0,002546	-2,58284
0,002548	-1,84395	0,002548	0,342121
0,00255	1,22081	0,00255	3,13312
0,002552	3,80921	0,002552	4,73977
0,002554	4,94173	0,002554	4,54361
0,002556	4,18382	0,002556	2,62258
0,002558	1,82796	0,002558	-0,29692
0,00256	-1,23261	0,00256	-3,09691
0,002562	-3,83322	0,002562	-4,72898
0,002564	-5,00373	0,002564	-4,57469
0,002566	-4,28673	0,002566	-2,68623
0,002568	-1,96023	0,002568	0,221335
0,00257	1,0997	0,00257	3,03874
0,002572	3,73029	0,002572	4,70563
0,002574	4,9311	0,002574	4,59354
0,002576	4,24727	0,002576	2,72533
0,002578	1,94456	0,002578	-0,174523
0,00258	-1,10957	0,00258	-2,99931
0,002582	-3,75109	0,002582	-4,69709
0,002584	-4,99567	0,002584	-4,61785
0,002586	-4,35212	0,002586	-2,78705
0,002588	-2,07135	0,002588	0,0960388
0,00259	0,977943	0,00259	2,94147
0,002592	3,64751	0,002592	4,67342
0,002594	4,91951	0,002594	4,62607
0,002596	4,31202	0,002596	2,82551
0,002598	2,05537	0,002598	-0,0534144
0,0026	-0,992649	0,0026	-2,90139
0,002602	-3,66766	0,002602	-4,66069
0,002604	-4,98762	0,002604	-4,65779
0,002606	-4,42008	0,002606	-2,88207
0,002608	-2,18505	0,002608	-0,025714
0,00261	0,852647	0,00261	2,84033
0,002612	3,55829	0,002612	4,6309
0,002614	4,90244	0,002614	4,66794
0,002616	4,37676	0,002616	2,92633
0,002618	2,17068	0,002618	0,0693047
0,00262	-0,862844	0,00262	-2,80251
0,002622	-3,58231	0,002622	-4,62107
0,002624	-4,96153	0,002624	-4,69548
0,002626	-4,47001	0,002626	-2,98514
0,002628	-2,29811	0,002628	-0,147145
0,00263	0,727351	0,00263	2,74112
0,002632	3,47616	0,002632	4,59289
0,002634	4,88247	0,002634	4,70015
0,002636	4,42926	0,002636	3,02231
0,002638	2,27858	0,002638	0,19299
0,00264	-0,741092	0,00264	-2,70105
0,002642	-3,4918	0,002642	-4,57662
0,002644	-4,94092	0,002644	-4,72898
0,002646	-4,52122	0,002646	-3,08112
0,002648	-2,40504	0,002648	-0,269864
0,00265	0,608818	0,00265	2,63837
0,002652	3,38468	0,002652	4,55037
0,002654	4,85895	0,002654	4,73623
0,002656	4,48821	0,002656	3,11959
0,002658	2,38616	0,002658	0,314743
0,00266	-0,616118	0,00266	-2,60088
0,002662	-3,39968	0,002662	-4,53443
0,002664	-4,91773	0,002664	-4,75893
0,002666	-4,5763	0,002666	-3,17518
0,002668	-2,51327	0,002668	-0,394515
0,00267	0,482556	0,00267	2,53465
0,002672	3,29095	0,002672	4,50302
0,002674	4,84188	0,002674	4,76296
0,002676	4,53491	0,002676	3,21171
0,002678	2,49729	0,002678	0,438429
0,00268	-0,492755	0,00268	-2,4933
0,002682	-3,31142	0,002682	-4,48837
0,002684	-4,89486	0,002684	-4,78502
0,002686	-4,62945	0,002686	-3,26858
0,002688	-2,62761	0,002688	-0,512725
0,00269	0,358226	0,00269	2,42836
0,002692	3,19786	0,002692	4,45117
0,002694	4,81804	0,002694	4,79099
0,002696	4,5813	0,002696	3,3019
0,002698	2,6068	0,002698	0,559215
0,0027	-0,364882	0,0027	-2,39119
0,002702	-3,21383	0,002702	-4,43587
0,002704	-4,85459	0,002704	-4,80982
0,002706	-4,67905	0,002706	-3,35716
0,002708	-2,73423	0,002708	-0,638665
0,00271	0,236795	0,00271	2,32174
0,002712	3,10477	0,002712	4,40349
0,002714	4,78036	0,002714	4,81096
0,002716	4,62865	0,002716	3,39048
0,002718	2,71535	0,002718	0,679358
0,00272	-0,240231	0,00272	-2,27781
0,002722	-3,12074	0,002722	-4,38304
0,002724	-4,82689	0,002724	-4,83269
0,002726	-4,72157	0,002726	-3,44381
0,002728	-2,83504	0,002728	-0,757519
0,00273	0,104413	0,00273	2,21158
0,002732	3,00266	0,002732	4,34551
0,002734	4,74267	0,002734	4,83286
0,002736	4,66891	0,002736	3,47777
0,002738	2,81585	0,002738	0,803044
0,00274	-0,123309	0,00274	-2,17281
0,002742	-3,01574	0,002742	-4,32506
0,002744	-4,79178	0,002744	-4,84912
0,002746	-4,76183	0,002746	-3,53238
0,002748	-2,93489	0,002748	-0,881204
0,00275	-0,0137964	0,00275	2,10143
0,002752	2,89798	0,002752	4,29076
0,002754	4,70917	0,002754	4,84897
0,002756	4,71368	0,002756	3,56506
0,002758	2,91376	0,002758	0,923186
0,00276	0,00102009	0,00276	-2,06137
0,002762	-2,9175	0,002762	-4,26999
0,002764	-4,75378	0,002764	-4,86619
0,002766	-4,80531	0,002766	-3,61645
0,002768	-3,04054	0,002768	-0,999413
0,00277	-0,138126	0,00277	1,98966
0,002772	2,7991	0,002772	4,2302
0,002774	4,67213	0,002774	4,8625
0,002776	4,74621	0,002776	3,64945
0,002778	3,01974	0,002778	1,04494
0,00278	0,125994	0,00278	-1,94992
0,002782	-2,81668	0,002782	-4,2075
0,002784	-4,70901	0,002784	-4,87746
0,002786	-4,83591	0,002786	-3,69923
0,002788	-3,14168	0,002788	-1,12084
0,00279	-0,265032	0,00279	1,87853
0,002792	2,69635	0,002792	4,16997
0,002794	4,62349	0,002794	4,87409
0,002796	4,77907	0,002796	3,72643
0,002798	3,1125	0,002798	1,16573
0,0028	0,256121	0,0028	-1,83558
0,002802	-2,70846	0,002802	-4,14952
0,002804	-4,66971	0,002804	-4,88616
0,002806	-4,87199	0,002806	-3,77879
0,002808	-3,23799	0,002808	-1,23744
0,00281	-0,386785	0,00281	1,76451
0,002812	2,59102	0,002812	4,10104
0,002814	4,57518	0,002814	4,88408
0,002816	4,81289	0,002816	3,80696
0,002818	3,21525	0,002818	1,28168
0,00282	0,378196	0,00282	-1,72349
0,002822	-2,60571	0,002822	-4,07608
0,002824	-4,61914	0,002824	-4,89196
0,002826	-4,89743	0,002826	-3,85512
0,002828	-3,3359	0,002828	-1,35791
0,00283	-0,513369	0,00283	1,64984
0,002832	2,4815	0,002832	4,03694
0,002834	4,52944	0,002834	4,88665
0,002836	4,83769	0,002836	3,88394
0,002838	3,30383	0,002838	1,40247
0,00284	0,498661	0,00284	-1,60624
0,002842	-2,49652	0,002842	-4,00973
0,002844	-4,56696	0,002844	-4,89647
0,002846	-4,929	0,002846	-3,93049
0,002848	-3,42416	0,002848	-1,47354
0,00285	-0,641242	0,00285	1,53421
0,002852	2,36941	0,002852	3,96511
0,002854	4,47693	0,002854	4,8902
0,002856	4,86862	0,002856	3,95802
0,002858	3,39917	0,002858	1,51842
0,00286	0,628466	0,00286	-1,49125
0,002862	-2,38701	0,002862	-3,93758
0,002864	-4,51253	0,002864	-4,8955
0,002866	-4,94929	0,002866	-4,002
0,002868	-3,51177	0,002868	-1,59465
0,00287	-0,764927	0,00287	1,41922
0,002872	2,26248	0,002872	3,89199
0,002874	4,42894	0,002874	4,88569
0,002876	4,88859	0,002876	4,02953
0,002878	3,48614	0,002878	1,63567
0,00288	0,75183	0,00288	-1,37498
0,002882	-2,27331	0,002882	-3,86318
0,002884	-4,45777	0,002884	-4,89228
0,002886	-4,96829	0,002886	-4,07061
0,002888	-3,60196	0,002888	-1,70674
0,00289	-0,881848	0,00289	1,29908
0,002892	2,152	0,002892	3,81565
0,002894	4,36613	0,002894	4,88537
0,002896	4,90598	0,002896	4,0946
0,002898	3,57311	0,002898	1,74905
0,0029	0,871328	0,0029	-1,25709
0,002902	-2,16122	0,002902	-3,78555
0,002904	-4,39593	0,002904	-4,88906
0,002906	-4,98343	0,002906	-4,13825
0,002908	-3,69311	0,002908	-1,8214
0,00291	-1,00328	0,00291	1,18312
0,002912	2,0399	0,002912	3,73835
0,002914	4,30525	0,002914	4,87538
0,002916	4,92337	0,002916	4,16224
0,002918	3,66072	0,002918	1,86597
0,00292	0,993726	0,00292	-1,13888
0,002922	-2,05009	0,002922	-3,70696
0,002924	-4,33569	0,002924	-4,87617
0,002926	-4,99632	0,002926	-4,20524
0,002928	-3,77202	0,002928	-1,93575
0,00293	-1,12825	0,00293	1,06491
0,002932	1,93007	0,002932	3,65621
0,002934	4,24759	0,002934	4,86443
0,002936	4,92982	0,002936	4,2244
0,002938	3,74286	0,002938	1,97742
0,00294	1,11999	0,00294	-1,02099
0,002942	-1,93253	0,002942	-3,62579
0,002944	-4,27482	0,002944	-4,86168
0,002946	-5,0063	0,002946	-4,26483
0,002948	-3,84997	0,002948	-2,04687
0,00295	-1,25419	0,00295	0,944445
0,002952	1,81057	0,002952	3,57407
0,002954	4,17254	0,002954	4,85122
0,002956	4,94592	0,002956	4,28303
0,002958	3,81759	0,002958	2,08951
0,00296	1,24045	0,00296	-0,901174
0,002962	-1,82076	0,002962	-3,54108
0,002964	-4,20975	0,002964	-4,85008
0,002966	-5,01532	0,002966	-4,32378
0,002968	-3,935	0,002968	-2,15799
0,00297	-1,37498	0,00297	0,822692
0,002972	1,69236	0,002972	3,49129
0,002974	4,10522	0,002974	4,83157
0,002976	4,94882	0,002976	4,3439
0,002978	3,90455	0,002978	2,20192
0,00298	1,35931	0,00298	-0,782642
0,002982	-1,70094	0,002982	-3,45508
0,002984	-4,13245	0,002984	-4,82818
0,002986	-5,02305	0,002986	-4,38047
0,002988	-4,01166	0,002988	-2,26654
0,00299	-1,49319	0,00299	0,701905
0,002992	1,57544	0,002992	3,40078
0,002994	4,0334	0,002994	4,81321
0,002996	4,95784	0,002996	4,3977
0,002998	3,97735	0,002998	2,30789
0,003	1,4801	0,003	-0,656058
0,003002	-1,58015	0,003002	-3,37037
0,003004	-4,06513	0,003004	-4,80982
0,003006	-5,0179	0,003006	-4,43458
0,003008	-4,09187	0,003008	-2,3738
0,00301	-1,61043	0,00301	0,57983
0,003012	1,45497	0,003012	3,31156
0,003014	3,96285	0,003014	4,79195
0,003016	4,95623	0,003016	4,44956
0,003018	4,05047	0,003018	2,41644
0,00302	1,59766	0,00302	-0,535272
0,003022	-1,46194	0,003022	-3,27921
0,003024	-3,99105	0,003024	-4,78728
0,003026	-5,01725	0,003026	-4,48579
0,003028	-4,15983	0,003028	-2,48009
0,00303	-1,72832	0,00303	0,457432
0,003032	1,33354	0,003032	3,22008
0,003034	3,89457	0,003034	4,76747
0,003036	4,94785	0,003036	4,49819
0,003038	4,12777	0,003038	2,52338
0,00304	1,71394	0,00304	-0,412553
0,003042	-1,34212	0,003042	-3,18774
0,003044	-3,90891	0,003044	-4,75732
0,003046	-5,0179	0,003046	-4,53314
0,003048	-4,22586	0,003048	-2,58671
0,00305	-1,84331	0,00305	0,335357
0,003052	1,20985	0,003052	3,12828
0,003054	3,8105	0,003054	4,73816
0,003056	4,94463	0,003056	4,54522
0,003058	4,18736	0,003058	2,62548
0,00306	1,82764	0,00306	-0,292733
0,003062	-1,22198	0,003062	-3,09111
0,003064	-3,83515	0,003064	-4,72833
0,003066	-5,00856	0,003066	-4,57823
0,003068	-4,29414	0,003068	-2,68945
0,00307	-1,95926	0,00307	0,213282
0,003072	1,09261	0,003072	3,03391
0,003074	3,72353	0,003074	4,70499
0,003076	4,93046	0,003076	4,5916
0,003078	4,25243	0,003078	2,72952
0,00308	1,95004	0,00308	-0,167115
0,003082	-1,1012	0,003082	-2,9977
0,003084	-3,74787	0,003084	-4,6958
0,003086	-4,99632	0,003086	-4,62526
0,003088	-4,35438	0,003088	-2,79091
0,00309	-2,07683	0,00309	0,0915295
0,003092	0,972789	0,003092	2,93567
0,003094	3,64365	0,003094	4,66955
0,003096	4,91983	0,003096	4,63026
0,003098	4,31781	0,003098	2,82744
0,0031	2,05762	0,0031	-0,0482608
0,003102	-0,976544	0,003102	-2,89817
0,003104	-3,66444	0,003104	-4,65747
0,003106	-4,98053	0,003106	-4,66101
0,003108	-4,41686	0,003108	-2,89302
0,00311	-2,19085	0,00311	-0,0308675
0,003112	0,841373	0,003112	2,83485
0,003114	3,55829	0,003114	4,63444
0,003116	4,90147	0,003116	4,66891
0,003118	4,3774	0,003118	2,93051
0,00312	2,17197	0,00312	0,0780014
0,003122	-0,861878	0,003122	-2,79768
0,003124	-3,5807	0,003124	-4,61753
0,003126	-4,96153	0,003126	-4,69451
0,003128	-4,47387	0,003128	-2,98965
0,00313	-2,30713	0,00313	-0,152942
0,003132	0,725096	0,003132	2,73564
0,003134	3,47004	0,003134	4,59193
0,003136	4,88601	0,003136	4,7066
0,003138	4,43506	0,003138	3,02521
0,00314	2,28567	0,00314	0,198788
0,003142	-0,729818	0,003142	-2,69686
0,003144	-3,486	0,003144	-4,57695
0,003146	-4,93995	0,003146	-4,73059
0,003148	-4,53282	0,003148	-3,08692
0,00315	-2,41632	0,00315	-0,277916
0,003152	0,598833	0,003152	2,63193
0,003154	3,3821	0,003154	4,54812
0,003156	4,8596	0,003156	4,73623
0,003158	4,48499	0,003158	3,12281
0,00316	2,40033	0,00316	0,323118
0,003162	-0,606133	0,003162	-2,59154
0,003164	-3,4	0,003164	-4,53217
0,003166	-4,91611	0,003166	-4,76119
0,003168	-4,59402	0,003168	-3,18097
0,00317	-2,52325	0,00317	-0,400313
0,003172	0,480623	0,003172	2,52853
0,003174	3,28901	0,003174	4,49852
0,003176	4,83866	0,003176	4,76393
0,003178	4,53974	0,003178	3,21429
0,00318	2,50276	0,00318	0,444226
0,003182	-0,489534	0,003182	-2,48557
0,003184	-3,30756	0,003184	-4,48386
0,003186	-4,8955	0,003186	-4,78534
0,003188	-4,63235	0,003188	-3,27277
0,00319	-2,62858	0,00319	-0,521744
0,003192	0,355005	0,003192	2,42192
0,003194	3,19109	0,003194	4,44988
0,003196	4,81225	0,003196	4,78938
0,003198	4,59321	0,003198	3,30802
0,0032	2,61067	0,0032	0,566624
0,003202	-0,361017	0,003202	-2,37895
0,003204	-3,21093	0,003204	-4,43329
0,003206	-4,86265	0,003206	-4,81047
0,003208	-4,67969	0,003208	-3,36296
0,00321	-2,73584	0,00321	-0,643174
0,003212	0,229709	0,003212	2,31272
0,003214	3,09253	0,003214	4,40124
0,003216	4,77714	0,003216	4,81547
0,003218	4,63316	0,003218	3,39724
0,00322	2,71535	0,00322	0,688699
0,003222	-0,239909	0,003222	-2,27427
0,003224	-3,1114	0,003224	-4,3824
0,003226	-4,82335	0,003226	-4,83108
0,003228	-4,7264	0,003228	-3,45186
0,00323	-2,84374	0,00323	-0,764283
0,003232	0,102481	0,003232	2,20514
0,003234	2,99944	0,003234	4,34648
0,003236	4,74235	0,003236	4,83415
0,003238	4,67149	0,003238	3,48453
0,00324	2,821	0,00324	0,810774
0,003242	-0,115579	0,003242	-2,16379
0,003244	-3,00994	0,003244	-4,32635
0,003246	-4,79114	0,003246	-4,85137
0,003248	-4,7628	0,003248	-3,53657
0,00325	-2,94456	0,00325	-0,887324
0,003252	-0,0221709	0,003252	2,09434
0,003254	2,89186	0,003254	4,28689
0,003256	4,70273	0,003256	4,8509
0,003258	4,71755	0,003258	3,56892
0,00326	2,92149	0,00326	0,930595
0,003262	0,00907253	0,003262	-2,05203
0,003264	-2,91524	0,003264	-4,26419
0,003266	-4,75184	0,003266	-4,86812
0,003268	-4,79952	0,003268	-3,62064
0,00327	-3,03764	0,00327	-1,0036
0,003272	-0,1465	0,003272	1,98386
0,003274	2,79684	0,003274	4,22795
0,003276	4,65892	0,003276	4,86443
0,003278	4,7446	0,003278	3,65363
0,00328	3,02425	0,00328	1,05074
0,003282	0,130825	0,003282	-1,94348
0,003284	-2,80734	0,003284	-4,20428
0,003286	-4,71029	0,003286	-4,87714
0,003288	-4,83559	0,003288	-3,70374
0,00329	-3,14522	0,00329	-1,12471
0,003292	-0,271152	0,003292	1,87273
0,003294	2,69023	0,003294	4,16288
0,003296	4,61834	0,003296	4,87506
0,003298	4,78487	0,003298	3,73126
0,0033	3,12345	0,0033	1,17024
0,003302	0,257088	0,003302	-1,82913
0,003304	-2,70202	0,003304	-4,1405
0,003306	-4,66617	0,003306	-4,88938
0,003308	-4,86877	0,003308	-3,78169
0,00331	-3,23766	0,00331	-1,24292
0,003312	-0,392583	0,003312	1,75839
0,003314	2,58651	0,003314	4,09814
0,003316	4,57163	0,003316	4,88311
0,003318	4,81418	0,003318	3,81275
0,00332	3,21429	0,00332	1,28877
0,003322	0,384316	0,003322	-1,71801
0,003324	-2,59927	0,003324	-4,07093
0,003326	-4,6185	0,003326	-4,89421
0,003328	-4,89582	0,003328	-3,85738
0,00333	-3,33268	0,00333	-1,3637
0,003332	-0,517556	0,003332	1,64469
0,003334	2,47667	0,003334	4,02985
0,003336	4,52557	0,003336	4,88826
0,003338	4,84381	0,003338	3,88362
0,00334	3,31156	0,00334	1,40794
0,003342	0,505425	0,003342	-1,5998
0,003344	-2,48975	0,003344	-4,002
0,003346	-4,56954	0,003346	-4,89679
0,003348	-4,92449	0,003348	-3,93339
0,00335	-3,42867	0,00335	-1,48095
0,003352	-0,642208	0,003352	1,53066
0,003354	2,36619	0,003354	3,95834
0,003356	4,47339	0,003356	4,89213
0,003358	4,86765	0,003358	3,9577
0,00336	3,40368	0,00336	1,5239
0,003362	0,629111	0,003362	-1,48739
0,003364	-2,38153	0,003364	-3,93275
0,003366	-4,51575	0,003366	-4,89486
0,003368	-4,95316	0,003368	-4,00458
0,00337	-3,51724	0,00337	-1,59594
0,003372	-0,764283	0,003372	1,41149
0,003374	2,25636	0,003374	3,88877
0,003376	4,42024	0,003376	4,88826
0,003378	4,88826	0,003378	4,03114
0,00338	3,4855	0,00338	1,64243
0,003382	0,755373	0,003382	-1,3695
0,003384	-2,27073	0,003384	-3,85931
0,003386	-4,45358	0,003386	-4,89196
0,003388	-4,96121	0,003388	-4,07254
0,00339	-3,60292	0,00339	-1,71092
0,003392	-0,886035	0,003392	1,29682
0,003394	2,1462	0,003394	3,81082
0,003396	4,3613	0,003396	4,88375
0,003398	4,90598	0,003398	4,09846
0,0034	3,57569	0,0034	1,75581
0,003402	0,880991	0,003402	-1,25065
0,003404	-2,15961	0,003404	-3,78297
0,003406	-4,39496	0,003406	-4,88584
0,003408	-4,98215	0,003408	-4,14405
0,00341	-3,68924	0,00341	-1,82559
0,003412	-1,01101	0,003412	1,17732
0,003414	2,03153	0,003414	3,73416
0,003416	4,30106	0,003416	4,87602
0,003418	4,92209	0,003418	4,16385
0,00342	3,66201	0,00342	1,86984
0,003422	0,996625	0,003422	-1,13083
0,003424	-2,04623	0,003424	-3,70374
0,003426	-4,33151	0,003426	-4,8765
0,003428	-4,99986	0,003428	-4,20814
0,00343	-3,77524	0,00343	-1,93897
0,003432	-1,13115	0,003432	1,06072
0,003434	1,91944	0,003434	3,6546
0,003436	4,24019	0,003436	4,86668
0,003438	4,93497	0,003438	4,22698
0,00344	3,74672	0,00344	1,98128
0,003442	1,11934	0,003442	-1,01552
0,003444	-1,9277	0,003444	-3,61999
0,003446	-4,26741	0,003446	-4,86393
0,003448	-5,00791	0,003448	-4,26515
0,00345	-3,85287	0,00345	-2,05267
0,003452	-1,25612	0,003452	0,938325
0,003454	1,80767	0,003454	3,56924
0,003456	4,16836	0,003456	4,84929
0,003458	4,94173	0,003458	4,28689
0,00346	3,82983	0,00346	2,09273
0,003462	1,24335	0,003462	-0,894732
0,003464	-1,81045	0,003464	-3,53528
0,003466	-4,19848	0,003466	-4,84847
0,003468	-5,0237	0,003468	-4,32829
0,00347	-3,92985	0,00347	-2,16122
0,003472	-1,37337	0,003472	0,818504
0,003474	1,68946	0,003474	3,48324
0,003476	4,10072	0,003476	4,83254
0,003478	4,95591	0,003478	4,34745
0,00348	3,90326	0,00348	2,20289
0,003482	1,36639	0,003482	-0,775556
0,003484	-1,6974	0,003484	-3,45315
0,003486	-4,13535	0,003486	-4,82818
0,003488	-5,01919	0,003488	-4,38336
0,00349	-4,01037	0,00349	-2,27298
0,003492	-1,49866	0,003492	0,695141
0,003494	1,5706	0,003494	3,39917
0,003496	4,03694	0,003496	4,81418
0,003498	4,95043	0,003498	4,39866
0,0035	3,9767	0,0035	2,3124
0,003502	1,48138	0,003502	-0,653481
0,003504	-1,57854	0,003504	-3,36682
0,003506	-4,06127	0,003506	-4,81014
0,003508	-5,02273	0,003508	-4,43522
0,00351	-4,09251	0,00351	-2,37702
0,003512	-1,61591	0,003512	0,574998
0,003514	1,45239	0,003514	3,30963
0,003516	3,95834	0,003516	4,79099
0,003518	4,9572	0,003518	4,456
0,00352	4,04918	0,00352	2,41837
0,003522	1,60024	0,003522	-0,530118
0,003524	-1,46259	0,003524	-3,27535
0,003526	-3,98654	0,003526	-4,7847
0,003528	-5,01983	0,003528	-4,48611
0,00353	-4,16466	0,00353	-2,48621
0,003532	-1,73122	0,003532	0,451957
0,003534	1,33193	0,003534	3,21783
0,003536	3,87621	0,003536	4,76425
0,003538	4,95043	0,003538	4,50206
0,00354	4,12358	0,00354	2,52692
0,003542	1,71909	0,003542	-0,408365
0,003544	-1,34148	0,003544	-3,18355
0,003546	-3,90408	0,003546	-4,75764
0,003548	-5,01017	0,003548	-4,53507
0,00355	-4,22844	0,00355	-2,5851
0,003552	-1,85329	0,003552	0,332136
0,003554	1,2134	0,003554	3,12377
0,003556	3,80792	0,003556	4,73591
0,003558	4,94141	0,003558	4,54941
0,00356	4,18704	0,00356	2,62935
0,003562	1,83924	0,003562	-0,287901
0,003564	-1,22166	0,003564	-3,08821
0,003566	-3,83097	0,003566	-4,72737
0,003568	-5,00147	0,003568	-4,57759
0,00357	-4,29221	0,00357	-2,69042
0,003572	-1,96925	0,003572	0,206518
0,003574	1,08649	0,003574	3,03004
0,003576	3,7274	0,003576	4,70337
0,003578	4,9311	0,003578	4,59193
0,00358	4,25661	0,00358	2,73017
0,003582	1,95229	0,003582	-0,163894
0,003584	-1,09508	0,003584	-2,99029
0,003586	-3,74368	0,003586	-4,69516
0,003588	-4,99664	0,003588	-4,62172
0,00359	-4,36114	0,00359	-2,79317
0,003592	-2,08295	0,003592	0,0860538
0,003594	0,960228	0,003594	2,93019
0,003596	3,64011	0,003596	4,66923
0,003598	4,92595	0,003598	4,63477
0,0036	4,31717	0,0036	2,83388
0,003602	2,0631	0,003602	-0,0418189
0,003604	-0,974934	0,003604	-2,89366
0,003606	-3,66025	0,003606	-4,65747
0,003608	-4,98215	0,003608	-4,65876
0,00361	-4,41847	0,00361	-2,89399
0,003612	-2,19858	0,003612	-0,0366653
0,003614	0,83783	0,003614	2,83131
0,003616	3,55217	0,003616	4,63187
0,003618	4,90534	0,003618	4,66923
0,00362	4,37805	0,00362	2,93406
0,003622	2,17486	0,003622	0,079934
0,003624	-0,850283	0,003624	-2,7951
0,003626	-3,57425	0,003626	-4,61592
0,003628	-4,96346	0,003628	-4,69773
0,00363	-4,46969	0,00363	-2,99223
0,003632	-2,30648	0,003632	-0,15874
0,003634	0,717688	0,003634	2,73113
0,003636	3,46617	0,003636	4,58838
0,003638	4,88665	0,003638	4,70563
0,00364	4,43635	0,00364	3,0323
0,003642	2,29082	0,003642	0,203619
0,003644	-0,727886	0,003644	-2,69139
0,003646	-3,48697	0,003646	-4,57566
0,003648	-4,94382	0,003648	-4,73155
0,00365	-4,53282	0,00365	-3,09143
0,003652	-2,42115	0,003652	-0,282426
0,003654	0,597545	0,003654	2,62967
0,003656	3,37405	0,003656	4,5449
0,003658	4,86217	0,003658	4,73816
0,00366	4,48917	0,00366	3,12571
0,003662	2,40066	0,003662	0,326017
0,003664	-0,605489	0,003664	-2,58735
0,003666	-3,39388	0,003666	-4,52831
0,003668	-4,91708	0,003668	-4,76666
0,00367	-4,58854	0,00367	-3,18355
0,003672	-2,52486	0,003672	-0,400635
0,003674	0,468062	0,003674	2,52467
0,003676	3,2845	0,003676	4,49852
0,003678	4,83479	0,003678	4,76651
0,00368	4,54458	0,00368	3,21815
0,003682	2,51629	0,003682	0,446481
0,003684	-0,483092	0,003684	-2,48396
0,003686	-3,29725	0,003686	-4,48225
0,003688	-4,89292	0,003688	-4,78856
0,00369	-4,63299	0,00369	-3,27535
0,003692	-2,63309	0,003692	-0,525931
0,003694	0,34953	0,003694	2,41773
0,003696	3,19206	0,003696	4,44859
0,003698	4,80742	0,003698	4,79228
0,0037	4,58967	0,0037	3,31253
0,003702	2,61582	0,003702	0,568878
0,003704	-0,360051	0,003704	-2,37605
0,003706	-3,20642	0,003706	-4,432
0,003708	-4,8591	0,003708	-4,81175
0,00371	-4,68163	0,00371	-3,36586
0,003712	-2,74002	0,003712	-0,646073
0,003714	0,224878	0,003714	2,30918
0,003716	3,08931	0,003716	4,39673
0,003718	4,77778	0,003718	4,81354
0,00372	4,63316	0,00372	3,39982
0,003722	2,72115	0,003722	0,693208
0,003724	-0,234111	0,003724	-2,26944
0,003726	-3,11108	0,003726	-4,37885
0,003728	-4,82303	0,003728	-4,83301
0,00373	-4,72737	0,00373	-3,45701
0,003732	-2,84632	0,003732	-0,769758
0,003734	0,0947504	0,003734	2,20321
0,003736	2,9959	0,003736	4,34262
0,003738	4,74074	0,003738	4,83512
0,00374	4,68179	0,00374	3,48582
0,003742	2,82261	0,003742	0,815283
0,003744	-0,11268	0,003744	-2,16057
0,003746	-3,0122	0,003746	-4,32249
0,003748	-4,79243	0,003748	-4,85363
0,00375	-4,76505	0,00375	-3,54269
0,003752	-2,95357	0,003752	-0,889578
0,003754	-0,0286129	0,003754	2,09176
0,003756	2,89412	0,003756	4,28496
0,003758	4,70209	0,003758	4,84961
0,00376	4,71626	0,00376	3,57279
0,003762	2,92375	0,003762	0,93607
0,003764	0,0190575	0,003764	-2,05203
0,003766	-2,91009	0,003766	-4,26387
0,003768	-4,75249	0,003768	-4,86748
0,00377	-4,80499	0,00377	-3,62289
0,003772	-3,04988	0,003772	-1,01198
0,003774	-0,148755	0,003774	1,98354
0,003776	2,78911	0,003776	4,22505
0,003778	4,6615	0,003778	4,86282
0,00378	4,75717	0,00378	3,65299
0,003782	3,02521	0,003782	1,05686
0,003784	0,139522	0,003784	-1,93961
0,003786	-2,80348	0,003786	-4,20202
0,003788	-4,70675	0,003788	-4,87779
0,00379	-4,83913	0,00379	-3,7047
0,003792	-3,1449	0,003792	-1,12825
0,003794	-0,275339	0,003794	1,86726
0,003796	2,68926	0,003796	4,15966
0,003798	4,62092	0,003798	4,87474
0,0038	4,78906	0,0038	3,73577
0,003802	3,1241	0,003802	1,17475
0,003804	0,264818	0,003804	-1,82624
0,003806	-2,70234	0,003806	-4,13632
0,003808	-4,66262	0,003808	-4,88874
0,00381	-4,87231	0,00381	-3,78877
0,003812	-3,24314	0,003812	-1,25129
0,003814	-0,400957	0,003814	1,75646
0,003816	2,5791	0,003816	4,09298
0,003818	4,57582	0,003818	4,88279
0,00382	4,82642	0,00382	3,81179
0,003822	3,21718	0,003822	1,29424
0,003824	0,384316	0,003824	-1,71189
0,003826	-2,59669	0,003826	-4,069
0,003828	-4,61173	0,003828	-4,89196
0,00383	-4,89196	0,00383	-3,86028
0,003832	-3,33945	0,003832	-1,36757
0,003834	-0,524643	0,003834	1,64018
0,003836	2,47538	0,003836	4,02663
0,003838	4,52622	0,003838	4,8902
0,00384	4,84639	0,00384	3,88813
0,003842	3,31124	0,003842	1,41406
0,003844	0,512833	0,003844	-1,59497
0,003846	-2,48363	0,003846	-4,00039
0,003848	-4,56471	0,003848	-4,89872
0,00385	-4,92481	0,00385	-3,93404
0,003852	-3,42706	0,003852	-1,48578
0,003854	-0,646717	0,003854	1,52487
0,003856	2,36555	0,003856	3,95706
0,003858	4,475	0,003858	4,8873
0,00386	4,86507	0,00386	3,96189
0,003862	3,40497	0,003862	1,5297
0,003864	0,639096	0,003864	-1,48127
0,003866	-2,37992	0,003866	-3,92953
0,003868	-4,50834	0,003868	-4,89614
0,00387	-4,95155	0,00387	-4,00748
0,003872	-3,52304	0,003872	-1,60077
0,003874	-0,772013	0,003874	1,40666
0,003876	2,25152	0,003876	3,88362
0,003878	4,41702	0,003878	4,88698
0,00388	4,88214	0,00388	4,03146
0,003882	3,49677	0,003882	1,64533
0,003884	0,759882	0,003884	-1,36209
0,003886	-2,26171	0,003886	-3,85384
0,003888	-4,45712	0,003888	-4,89002
0,00389	-4,97441	0,00389	-4,07673
0,003892	-3,60775	0,003892	-1,71543
0,003894	-0,89602	0,003894	1,2907
0,003896	2,14265	0,003896	3,80921
0,003898	4,35937	0,003898	4,88086
0,0039	4,91017	0,0039	4,10233
0,003902	3,57923	0,003902	1,76161
0,003904	0,884534	0,003904	-1,24678
0,003906	-2,15381	0,003906	-3,78072
0,003908	-4,38884	0,003908	-4,88906
0,00391	-4,9844	0,00391	-4,14727
0,003912	-3,69794	0,003912	-1,83268
0,003914	-1,02293	0,003914	1,17152
0,003916	2,02766	0,003916	3,73062
0,003918	4,29623	0,003918	4,87667
0,00392	4,92402	0,00392	4,16675
0,003922	3,6691	0,003922	1,87209
0,003924	1,01176	0,003924	-1,12922
0,003926	-2,0414	0,003926	-3,69955
0,003928	-4,33537	0,003928	-4,87682
0,00393	-4,99954	0,00393	-4,2075
0,003932	-3,77911	0,003932	-1,94509
0,003934	-1,14114	0,003934	1,05589
0,003936	1,91074	0,003936	3,64945
0,003938	4,23954	0,003938	4,86475
0,00394	4,94657	0,00394	4,22666
0,003942	3,74221	0,003942	1,98837
0,003944	1,12804	0,003944	-1,0094
0,003946	-1,92286	0,003946	-3,61935
0,003948	-4,27224	0,003948	-4,86297
0,00395	-5,00759	0,00395	-4,26838
0,003952	-3,85867	0,003952	-2,05686
0,003954	-1,26128	0,003954	0,931561
0,003956	1,79962	0,003956	3,5657
0,003958	4,16997	0,003958	4,84929
0,00396	4,94399	0,00396	4,2885
0,003962	3,82306	0,003962	2,09949
0,003964	1,24883	0,003964	-0,8899
0,003966	-1,80916	0,003966	-3,53399
0,003968	-4,2017	0,003968	-4,85395
0,00397	-5,01564	0,00397	-4,32796
0,003972	-3,94434	0,003972	-2,16734
0,003974	-1,38013	0,003974	0,812384
0,003976	1,68141	0,003976	3,48066
0,003978	4,09782	0,003978	4,83125
0,00398	4,94624	0,00398	4,34551
0,003982	3,90004	0,003982	2,20965
0,003984	1,37284	0,003984	-0,771047
0,003986	-1,68934	0,003986	-3,44993
0,003988	-4,12021	0,003988	-4,8314
0,00399	-5,03014	0,00399	-4,38079
0,003992	-4,01488	0,003992	-2,27781
0,003994	-1,50349	0,003994	0,688699
0,003996	1,56513	0,003996	3,39434
0,003998	4,02599	0,003998	4,81321
