499.875	0.317504
599.909	0.34879
700.044	0.382222
799.989	0.417396
900.012	0.453865
1000.09	0.491365
1100.08	0.529573
1199.91	0.568234
1299.98	0.607419
1399.97	0.64689
1499.99	0.686632
1600.03	0.726517
1700.05	0.766648
1800.07	0.806607
1900.08	0.846585
2099.99	0.926512
2300.01	1.00639
2500.08	1.0857
2700.12	1.16427
2799.96	1.20319
2899.98	1.2421
3000	1.28084
3100.03	1.31943
3200.06	1.35768
3300.08	1.39584
3400.1	1.43364
3499.93	1.47101
3599.96	1.50841
3700	1.54541
3800.01	1.58218
3900.03	1.61878
4000.05	1.65512
4100.08	1.69126
4200.11	1.72684
4299.95	1.76214
4399.98	1.79727
4500	1.83213
4600.03	1.86662
4700.05	1.90111
4800.08	1.93482
4900.1	1.96858
5000.12	2.00182
5099.96	2.03487
5199.97	2.06765
5300.01	2.10003
5500.06	2.16392
5700.11	2.22676
5899.98	2.28818
6000.01	2.31824
6100.02	2.34807
6200.05	2.37791
6300.07	2.40714
6400.09	2.43602
6500.12	2.46477
6599.96	2.49308
6699.98	2.52105
6800.01	2.54892
6900.03	2.57642
7000.05	2.60326
7100.08	2.63019
7200.11	2.65675
7300.13	2.68284
7399.98	2.70888
7499.99	2.73444
7600.03	2.75969
7700.05	2.78483
7800.07	2.80937
7900.1	2.83387
8000.13	2.85801
8199.98	2.9054
8400.04	2.95169
8600.09	2.99678
8700.11	3.01904
8800.13	3.04088
8900.16	3.06262
8999.99	3.08387
9100.02	3.10497
9200.05	3.12584
9300.07	3.14637
9400.1	3.16671
9500.13	3.1868
9600.15	3.20674
9699.99	3.22617
9800.01	3.24555
9900.04	3.26447
10000.1	3.28341
10100.1	3.30221
10200.1	3.32039
10300.1	3.3387
10400.2	3.35652
10500	3.37423
10600	3.39164
10700	3.40894
10900.1	3.4427
11100.2	3.47566
11300	3.50791
11400	3.52358
11500.1	3.53914
11600.1	3.55468
11700.1	3.56976
11800.1	3.58485
11900.2	3.59968
12000.2	3.61418
12100	3.62872
12200	3.64292
12300.1	3.65712
12400.1	3.67063
12500.1	3.68458
12600.2	3.69792
12700.2	3.71128
12800	3.72449
12900	3.73746
13000.1	3.7503
13100.1	3.76299
13200.1	3.77545
13400.2	3.80018
13600	3.8241
13800.1	3.84741
13900.1	3.85896
14000.1	3.87015
14100.1	3.88137
14200.2	3.89248
14300.2	3.90321
14400	3.91404
14500.1	3.92469
14600.1	3.93529
14700.1	3.94547
14800.1	3.9557
14900.2	3.96604
15000.2	3.97594
15100.2	3.98588
15200	3.99565
15300.1	4.0052
15400.1	4.01481
15500.1	4.02396
15600.2	4.03332
15700.2	4.04241
15800.2	4.05169
15900	4.06048
16000.1	4.06939
16100.1	4.07813
16300.1	4.09521
16500.2	4.11203
16700	4.12823
16900.1	4.14421
17000.1	4.15202
17100.1	4.15979
17200.2	4.16725
17300.2	4.17485
17400.2	4.18242
17500.1	4.18987
17600.1	4.19712
17700.1	4.20427
17800.1	4.21153
17900.2	4.21846
18000.2	4.22552
18100.2	4.2325
18200.2	4.23921
18300.1	4.24576
18400.1	4.25252
18500.1	4.25915
18600.1	4.26574
18700.2	4.27194
18800.2	4.27862
18900.2	4.28469
19000.1	4.29089
19100.1	4.29703
19200.1	4.30306
19300.1	4.30904
19500.2	4.32078
19700.2	4.33242
19900.1	4.34366
20100.2	4.35451
20200.2	4.3598
20300.2	4.36527
20400.2	4.37052
20500.2	4.37565
20600.1	4.38095
20700.1	4.38622
20800.1	4.39116
20900.2	4.39615
21000.2	4.4011
21100.2	4.40608
21200.2	4.41104
21300.3	4.41562
21400.1	4.42027
21500.1	4.42511
21600.1	4.42974
21700.2	4.43431
21800.2	4.43903
21900.2	4.44338
22000.2	4.44792
22100.1	4.45222
22200.1	4.45664
22400.2	4.46525
22600.2	4.4736
22800.3	4.4818
23000.1	4.48992
23100.1	4.49377
23200.2	4.49767
23300.2	4.50165
23400.2	4.50551
23500.3	4.50928
23600.3	4.51311
23700.1	4.51695
23800.1	4.52044
23900.2	4.52409
24000.2	4.52774
24100.2	4.5312
24200.2	4.5348
24300.3	4.53821
24400.3	4.54162
24500.1	4.54512
24600.1	4.54844
24700.2	4.55177
24800.2	4.55515
24900.2	4.55851
25000.2	4.56159
25100.3	4.56504
25200.1	4.56816
25300.1	4.5715
25400.2	4.57463
25500.2	4.5778
25600.2	4.58081
25700.2	4.58379
25900.3	4.58988
26100.1	4.59572
26300.2	4.60146
26500.2	4.60724
26700.3	4.61282
26800.1	4.61548
26900.2	4.61827
27000.2	4.62079
27100.2	4.62333
27200.2	4.62608
27300.3	4.62871
27400.3	4.63125
27500.3	4.63413
27600.1	4.63653
27700.2	4.63914
27800.2	4.64144
27900.2	4.64411
28000.2	4.64659
28100.3	4.64881
28200.3	4.65113
28300.1	4.6539
28400.2	4.65603
28500.2	4.65834
28600.2	4.66082
28700.2	4.663
28800.3	4.66537
29000.3	4.67007
29200.2	4.67422
29400.2	4.67838
29500.2	4.68075
29600.3	4.68291
29700.3	4.68499
29800.3	4.68697
29900.2	4.68907
30000.2	4.69099
30100.2	4.69311
30200.2	4.69494
30300.3	4.69725
30400.3	4.69904
30500.3	4.70112
30600.2	4.7031
30700.2	4.70467
30800.2	4.70674
30900.2	4.70867
31000.2	4.71065
31100.3	4.71246
31200.3	4.71413
31300.3	4.71619
31400.2	4.71756
31500.2	4.71964
31600.2	4.72153
31700.2	4.72308
31800.3	4.72494
31900.3	4.72671
32100.3	4.72974
32300.2	4.73341
32500.2	4.73671
32600.3	4.73834
32700.3	4.74004
32800.3	4.74153
32900.3	4.74303
33000.2	4.74509
33100.2	4.74656
33200.2	4.74813
33300.3	4.74962
33400.3	4.75109
33500.3	4.75262
33600.3	4.75403
33700.2	4.75554
33800.2	4.75707
33900.2	4.75854
34000.2	4.76012
34100.3	4.76149
34200.3	4.76262
34300.3	4.76428
34400.3	4.76584
34500.2	4.76721
34600.2	4.76843
34700.2	4.7698
34800.3	4.77115
34900.3	4.77235
35000.3	4.77378
35200.4	4.77645
35400.2	4.77908
35600.3	4.7817
35800.3	4.78423
35900.3	4.78526
36000.4	4.78654
36100.2	4.78776
36200.2	4.78896
36300.3	4.79029
36400.3	4.79127
36500.3	4.79266
36600.3	4.79387
36700.4	4.79531
36800.2	4.7962
36900.2	4.79722
37000.2	4.79833
37100.3	4.79954
37200.3	4.8008
37300.3	4.80182
37400.3	4.80278
37500.4	4.80391
37600.2	4.80501
37700.2	4.806
37800.3	4.80719
37900.3	4.80834
38000.3	4.80938
38100.3	4.81035
38300.4	4.81225
38500.2	4.81437
38700.3	4.81637
38800.3	4.81727
38900.3	4.81833
39000.4	4.81942
39100.4	4.82048
39200.2	4.8213
39300.3	4.8223
39400.3	4.82336
39500.3	4.82419
39600.3	4.825
39700.4	4.82597
39800.4	4.8271
39900.2	4.82793
40000.2	4.82877
40100.3	4.82974
40200.3	4.83074
40300.3	4.83162
40400.3	4.83232
40500.4	4.83313
40600.4	4.83415
40700.2	4.83504
40800.3	4.83566
40900.3	4.83672
41000.3	4.83765
41100.3	4.83836
41200.4	4.83914
41300.4	4.83998
41400.4	4.84103
41500.2	4.84159
41600.3	4.84235
41800.3	4.84401
42000.4	4.8455
42200.4	4.84707
42300.3	4.8479
42400.3	4.84875
42500.3	4.84936
42600.3	4.85016
42700.4	4.85078
42800.4	4.85184
42900.4	4.85256
43000.2	4.85298
43100.3	4.85381
43200.3	4.85447
43300.3	4.85502
43400.3	4.8561
43500.4	4.85655
43600.4	4.85711
43700.4	4.85781
43800.3	4.85863
43900.3	4.8594
44000.3	4.86026
44100.3	4.86077
44200.4	4.86133
44300.4	4.86204
44400.4	4.86279
44500.4	4.86331
44600.3	4.86386
44700.3	4.86474
44900.3	4.86589
45100.4	4.86727
45300.4	4.86847
45500.3	4.86944
45600.3	4.87011
45700.4	4.87077
45800.4	4.87165
45900.4	4.87203
46000.4	4.87251
46100.3	4.87319
46200.3	4.87361
46300.3	4.87426
46400.3	4.87489
46500.4	4.87537
46600.4	4.87597
46700.4	4.87655
46800.4	4.87706
46900.3	4.87753
47000.3	4.87804
47100.3	4.87877
47200.4	4.87918
47300.4	4.87968
47400.4	4.88017
47500.4	4.88089
47600.4	4.88126
47800.3	4.8823
48000.4	4.88349
48200.4	4.88446
48400.5	4.88536
48500.3	4.88583
48600.3	4.88616
48700.4	4.88693
48800.4	4.8873
48900.4	4.88777
49000.4	4.88806
49100.5	4.88867
49200.3	4.88894
49300.3	4.88962
49400.3	4.89002
49500.4	4.89074
49600.4	4.89115
49700.4	4.89139
49800.4	4.89177
